[-0.4279244] 
[-0.43083787] 
[-0.4505968] 
[-0.37656665] 
[-0.33707976] 
[-0.34284472] 
[-0.33938885] 
[-0.35477757] 
[-0.34989595] 
[-0.37029028] 
[-0.3740561] 
[-0.37424207] 
[-0.37390113] 
[-0.3928852] 
[-0.3824401] 
[-0.38870096] 
[-0.40314436] 
[-0.4212451] 
[-0.46820164] 
[-0.45974016] 
[-0.430125] 
[-0.42432904] 
[-0.41093946] 
[-0.41307807] 
[-0.39502382] 
[-0.39369106] 
[-0.37063122] 
[-0.35883784] 
[-0.3735602] 
[-0.34825325] 
[-0.3535378] 
[-0.3279674] 
[-0.31510472] 
[-0.31397343] 
[-0.3230393] 
[-0.3374827] 
[-0.33876896] 
[-0.3457427] 
[-0.34839272] 
[-0.35724163] 
[-0.3879881] 
[-0.3595817] 
[-0.36441684] 
[-0.38980126] 
[-0.37430406] 
[-0.39308667] 
[-0.3851831] 
[-0.38970828] 
[-0.40376425] 
[-0.3962016] 
[-0.39981246] 
[-0.37920117] 
[-0.3840518] 
[-0.36605954] 
[-0.358001] 
[-0.35871387] 
[-0.31513572] 
[-0.32598376] 
[-0.30165315] 
[-0.260818] 
[-0.2774155] 
[-0.26232123] 
[-0.2603066] 
[-0.25996566] 
[-0.2475059] 
[-0.24237633] 
[-0.24823427] 
[-0.22167206] 
[-0.24685502] 
[-0.2658236] 
[-0.26267767] 
[-0.26886106] 
[-0.26610255] 
[-0.27129412] 
[-0.24539828] 
[-0.27261138] 
[-0.2752149] 
[-0.26844263] 
[-0.30312538] 
[-0.30332685] 
[-0.29996395] 
[-0.3074801] 
[-0.33086538] 
[-0.32339573] 
[-0.34065962] 
[-0.3957677] 
[-0.51191926] 
[-0.51968336] 
[-0.5362654] 
[-0.541147] 
[-0.5177617] 
[-0.53907037] 
[-0.5372417] 
[-0.5205667] 
[-0.50818443] 
[-0.48156023] 
[-0.5094862] 
[-0.49245477] 
[-0.46270013] 
[-0.49384952] 
[-0.46857357] 
[-0.44365406] 
[-0.4156196] 
[-0.4344797] 
[-0.407964] 
[-0.3968525] 
[-0.4089713] 
[-0.40049434] 
[-0.39373755] 
[-0.4079795] 
[-0.41244268] 
[-0.39967299] 
[-0.39988995] 
[-0.3813398] 
[-0.4307449] 
[-0.4423678] 
[-0.47475696] 
[-0.53304195] 
[-0.52473545] 
[-0.52256584] 
[-0.49405098] 
[-0.5010712] 
[-0.4877746] 
[-0.493958] 
[-0.4834199] 
[-0.44971347] 
[-0.47979355] 
[-0.4668069] 
[-0.4412055] 
[-0.46164632] 
[-0.42888522] 
[-0.44599414] 
[-0.45254946] 
[-0.4284203] 
[-0.41391492] 
[-0.39448142] 
[-0.3950703] 
[-0.38941383] 
[-0.3922963] 
[-0.4090488] 
[-0.37865877] 
[-0.3573346] 
[-0.3562808] 
[-0.3462696] 
[-0.34169793] 
[-0.34775734] 
[-0.3517866] 
[-0.3506863] 
[-0.34365058] 
[-0.37160754] 
[-0.3957057] 
[-0.44075608] 
[-0.46640396] 
[-0.46468377] 
[-0.46637297] 
[-0.46987534] 
[-0.48354387] 
[-0.49045563] 
[-0.46875954] 
[-0.46603203] 
[-0.466156] 
[-0.44165492] 
[-0.42355418] 
[-0.42552233] 
[-0.41667342] 
[-0.38205266] 
[-0.39214134] 
[-0.38558602] 
[-0.36984086] 
[-0.34315467] 
[-0.3357005] 
[-0.30541897] 
[-0.32767296] 
[-0.30430317] 
[-0.3030634] 
[-0.29869318] 
[-0.28273106] 
[-0.3075421] 
[-0.2924943] 
[-0.30506253] 
[-0.31505823] 
[-0.30177712] 
[-0.33060193] 
[-0.38783312] 
[-0.45498252] 
[-0.50319433] 
[-0.47385812] 
[-0.4973054] 
[-0.4662335] 
[-0.42535186] 
[-0.44101954] 
[-0.4040277] 
[-0.40495753] 
[-0.38282752] 
[-0.37390113] 
[-0.36726832] 
[-0.33729672] 
[-0.32229543] 
[-0.33818007] 
[-0.27925968] 
[-0.28609395] 
[-0.27369618] 
[-0.25440216] 
[-0.24149299] 
[-0.20817399] 
[-0.2219975] 
[-0.18023252] 
[-0.20161867] 
[-0.23050547] 
[-0.20612836] 
[-0.23732424] 
[-0.2513492] 
[-0.2520001] 
[-0.2619183] 
[-0.28375387] 
[-0.27151108] 
[-0.29644608] 
[-0.31223774] 
[-0.3502679] 
[-0.47210693] 
[-0.46384692] 
[-0.46184778] 
[-0.4096222] 
[-0.3918934] 
[-0.3934276] 
[-0.38780212] 
[-0.38763165] 
[-0.3551805] 
[-0.3352356] 
[-0.32675862] 
[-0.32537937] 
[-0.32201648] 
[-0.29285073] 
[-0.27781844] 
[-0.27778745] 
[-0.2796626] 
[-0.26980639] 
[-0.26018262] 
[-0.2331245] 
[-0.24735093] 
[-0.23289204] 
[-0.2769041] 
[-0.28099537] 
[-0.2741766] 
[-0.29049516] 
[-0.28665185] 
[-0.32043576] 
[-0.30069232] 
[-0.33543706] 
[-0.34778833] 
[-0.33252358] 
[-0.37210345] 
[-0.38660884] 
[-0.3740871] 
[-0.33109784] 
[-0.3096187] 
[-0.30400872] 
[-0.29072762] 
[-0.2703023] 
[-0.27561784] 
[-0.24122953] 
[-0.23434877] 
[-0.2425623] 
[-0.21290064] 
[-0.20570993] 
[-0.17553687] 
[-0.18898845] 
[-0.19723296] 
[-0.19715548] 
[-0.21178484] 
[-0.2380526] 
[-0.24491787] 
[-0.2602136] 
[-0.24880767] 
[-0.28234363] 
[-0.28841853] 
[-0.29515982] 
[-0.29567122] 
[-0.32314777] 
[-0.33012152] 
[-0.3112924] 
[-0.321846] 
[-0.3507793] 
[-0.33105135] 
[-0.35144567] 
[-0.37748098] 
[-0.37153006] 
[-0.3546691] 
[-0.31701088] 
[-0.3174448] 
[-0.2963996] 
[-0.27392864] 
[-0.27067423] 
[-0.23991227] 
[-0.24180293] 
[-0.22179604] 
[-0.20141721] 
[-0.2058649] 
[-0.16791224] 
[-0.17697811] 
[-0.18271208] 
[-0.17019033] 
[-0.183146] 
[-0.1958847] 
[-0.19901514] 
[-0.20028591] 
[-0.23448825] 
[-0.22370219] 
[-0.24437547] 
[-0.26072502] 
[-0.252465] 
[-0.27341723] 
[-0.28617144] 
[-0.30095577] 
[-0.31143188] 
[-0.31666994] 
[-0.33590198] 
[-0.33831954] 
[-0.3585589] 
[-0.3580475] 
[-0.35711765] 
[-0.3290832] 
[-0.32485247] 
[-0.30997515] 
[-0.3196919] 
[-0.30453563] 
[-0.28490067] 
[-0.27950764] 
[-0.2535963] 
[-0.2491486] 
[-0.24566174] 
[-0.21803021] 
[-0.21999836] 
[-0.19413352] 
[-0.18108487] 
[-0.18949986] 
[-0.1559174] 
[-0.163759] 
[-0.18804312] 
[-0.18215418] 
[-0.20233154] 
[-0.19597769] 
[-0.20406723] 
[-0.21510124] 
[-0.24521232] 
[-0.24854422] 
[-0.2325356] 
[-0.26618004] 
[-0.2713251] 
[-0.29602766] 
[-0.30174613] 
[-0.3202033] 
[-0.32336473] 
[-0.30334234] 
[-0.30340433] 
[-0.2947569] 
[-0.29956102] 
[-0.28517962] 
[-0.27730703] 
[-0.2785313] 
[-0.28390884] 
[-0.25962472] 
[-0.26876807] 
[-0.2503729] 
[-0.25723815] 
[-0.27169704] 
[-0.24966002] 
[-0.26317358] 
[-0.2880466] 
[-0.2668774] 
[-0.2863729] 
[-0.27447104] 
[-0.3035128] 
[-0.26710987] 
[-0.27944565] 
[-0.2835369] 
[-0.29455543] 
[-0.2825296] 
[-0.2946174] 
[-0.29540777] 
[-0.32510042] 
[-0.31448483] 
[-0.30331135] 
[-0.33774614] 
[-0.32731652] 
[-0.34251928] 
[-0.35392523] 
[-0.32996655] 
[-0.37605524] 
[-0.38758516] 
[-0.4001224] 
[-0.416286] 
[-0.41165233] 
[-0.41933894] 
[-0.39429545] 
[-0.3929472] 
[-0.37118912] 
[-0.37616372] 
[-0.3695619] 
[-0.34984946] 
