[-0.46494722] 
[-0.46107292] 
[-0.46476126] 
[-0.42494893] 
[-0.43131828] 
[-0.42979956] 
[-0.4473114] 
[-0.4251814] 
[-0.43494463] 
[-0.427382] 
[-0.4428327] 
[-0.4240036] 
[-0.43609142] 
[-0.44649005] 
[-0.45053482] 
[-0.44318914] 
[-0.4412365] 
[-0.4245305] 
[-0.42972207] 
[-0.4000759] 
[-0.38265705] 
[-0.36212325] 
[-0.35928726] 
[-0.38037896] 
[-0.37878275] 
[-0.3879261] 
[-0.3657186] 
[-0.38154125] 
[-0.36875606] 
[-0.39925456] 
[-0.38425326] 
[-0.3917694] 
[-0.39421797] 
[-0.41594505] 
[-0.41145086] 
[-0.41743279] 
[-0.42034626] 
[-0.42037725] 
[-0.405097] 
[-0.42319775] 
[-0.44796228] 
[-0.44185638] 
[-0.44554472] 
[-0.4500389] 
[-0.47099113] 
[-0.47588825] 
[-0.52206993] 
[-0.50858736] 
[-0.46832561] 
[-0.46820164] 
[-0.4434681] 
[-0.4146433] 
[-0.41551113] 
[-0.39995193] 
[-0.37983656] 
[-0.3851986] 
[-0.37205696] 
[-0.39638758] 
[-0.37921667] 
[-0.4112959] 
[-0.3684306] 
[-0.38144827] 
[-0.40587187] 
[-0.37763596] 
[-0.39096355] 
[-0.37952662] 
[-0.4028654] 
[-0.38724422] 
[-0.39220333] 
[-0.38439274] 
[-0.38141727] 
[-0.36976337] 
[-0.38265705] 
[-0.3928852] 
[-0.39958] 
[-0.37531137] 
[-0.37487745] 
[-0.37338972] 
[-0.39040565] 
[-0.38532257] 
[-0.38253307] 
[-0.3845477] 
[-0.39700747] 
[-0.37360668] 
[-0.37714005] 
[-0.36824465] 
[-0.39716244] 
[-0.3929472] 
[-0.37596226] 
[-0.39254427] 
[-0.37546635] 
[-0.39604664] 
[-0.3900957] 
[-0.38774014] 
[-0.38919687] 
[-0.37044525] 
[-0.3907776] 
[-0.38377285] 
[-0.39254427] 
[-0.3929782] 
[-0.3862524] 
[-0.39096355] 
[-0.37286282] 
[-0.38495064] 
[-0.38336992] 
[-0.38253307] 
[-0.38603544] 
[-0.3780079] 
[-0.3956437] 
[-0.36694288] 
[-0.39093256] 
[-0.39443493] 
[-0.38423777] 
[-0.37528038] 
[-0.39251328] 
[-0.39579868] 
[-0.38932085] 
[-0.39710045] 
[-0.38439274] 
[-0.38389683] 
[-0.3813553] 
[-0.37205696] 
[-0.39279222] 
[-0.39654255] 
[-0.3741026] 
[-0.37648916] 
[-0.3863144] 
[-0.40388823] 
[-0.40444613] 
[-0.39595366] 
[-0.37977457] 
[-0.39641857] 
[-0.3812313] 
[-0.37543535] 
[-0.38284302] 
[-0.3819132] 
[-0.38637638] 
[-0.38770914] 
[-0.37837982] 
[-0.38643837] 
[-0.3989601] 
[-0.40491104] 
[-0.38194418] 
[-0.39384604] 
[-0.38547754] 
[-0.38712025] 
[-0.3946209] 
[-0.37757397] 
[-0.37927866] 
[-0.39892912] 
[-0.38752317] 
[-0.39942503] 
[-0.3862834] 
[-0.37416458] 
[-0.3746915] 
[-0.37921667] 
[-0.37044525] 
[-0.37831783] 
[-0.3619218] 
[-0.39920807] 
[-0.37146807] 
[-0.3868413] 
[-0.3930092] 
[-0.3878951] 
[-0.3901267] 
[-0.3785348] 
[-0.39170742] 
[-0.3807664] 
[-0.38278103] 
[-0.39434195] 
[-0.37270784] 
[-0.38495064] 
[-0.39936304] 
[-0.38932085] 
[-0.40047884] 
[-0.37366867] 
[-0.40754557] 
[-0.38160324] 
[-0.37382364] 
[-0.3923893] 
[-0.39427996] 
[-0.38213015] 
[-0.38653135] 
[-0.37614822] 
[-0.38826704] 
[-0.39108753] 
[-0.39483786] 
[-0.3713441] 
[-0.37041426] 
[-0.39610863] 
[-0.3967595] 
[-0.38938284] 
[-0.38085938] 
[-0.37307978] 
[-0.38823605] 
[-0.38036346] 
[-0.38423777] 
[-0.3846717] 
[-0.3801775] 
[-0.3813243] 
[-0.37872076] 
[-0.39149046] 
[-0.40360928] 
[-0.3907466] 
[-0.394001] 
[-0.38541555] 
[-0.3840518] 
[-0.3951168] 
[-0.3922963] 
[-0.38448572] 
[-0.39102554] 
[-0.399549] 
[-0.3868413] 
[-0.39877415] 
[-0.37977457] 
[-0.38597345] 
[-0.38206816] 
[-0.39025068] 
[-0.40326834] 
[-0.3745985] 
[-0.38764715] 
[-0.37915468] 
[-0.3796816] 
[-0.39152145] 
[-0.37369967] 
[-0.39322615] 
[-0.38262606] 
[-0.3852296] 
[-0.3918624] 
[-0.38157225] 
[-0.39096355] 
[-0.38950682] 
[-0.39149046] 
[-0.39617062] 
[-0.39415598] 
[-0.39558172] 
[-0.37159204] 
[-0.38451672] 
[-0.37816286] 
[-0.38774014] 
[-0.4006648] 
[-0.3745985] 
[-0.39338112] 
[-0.3807044] 
[-0.37041426] 
[-0.39418697] 
[-0.37366867] 
[-0.39279222] 
[-0.3734517] 
[-0.3901577] 
[-0.40649176] 
[-0.37841082] 
[-0.38780212] 
[-0.39930105] 
[-0.3785658] 
[-0.37562132] 
[-0.39223433] 
[-0.3935361] 
[-0.39579868] 
[-0.4000759] 
[-0.3845787] 
[-0.39359808] 
[-0.3730178] 
[-0.40147066] 
[-0.3991151] 
[-0.38758516] 
[-0.38560152] 
[-0.39595366] 
[-0.3807044] 
[-0.37884474] 
[-0.3935361] 
[-0.38429976] 
[-0.38671732] 
[-0.38250208] 
[-0.3901267] 
[-0.39369106] 
[-0.37555933] 
[-0.377326] 
[-0.39384604] 
[-0.37720203] 
[-0.3974414] 
[-0.38101435] 
[-0.3745985] 
[-0.38476467] 
[-0.39201736] 
[-0.3891039] 
[-0.4079795] 
[-0.3734517] 
[-0.3784728] 
[-0.382905] 
[-0.3802085] 
[-0.3907776] 
[-0.38987875] 
[-0.38544655] 
[-0.38978577] 
[-0.38222313] 
[-0.37258387] 
[-0.37881374] 
[-0.39607763] 
[-0.37227392] 
[-0.37044525] 
[-0.3935361] 
[-0.40050983] 
[-0.39939404] 
[-0.3679967] 
[-0.40543795] 
[-0.3900957] 
[-0.39093256] 
[-0.37435055] 
[-0.4056859] 
[-0.37980556] 
[-0.39316416] 
[-0.38002253] 
[-0.39582968] 
[-0.3934741] 
[-0.3723979] 
[-0.40602684] 
[-0.38659334] 
[-0.40106773] 
[-0.3762102] 
[-0.39471388] 
[-0.4062438] 
[-0.40267944] 
[-0.39000273] 
[-0.3912735] 
[-0.36815166] 
[-0.40215254] 
[-0.37692308] 
[-0.38113832] 
[-0.39251328] 
[-0.3691435] 
[-0.3840828] 
[-0.38414478] 
[-0.40258646] 
[-0.3807664] 
[-0.3895688] 
[-0.38051844] 
[-0.3800845] 
[-0.38538456] 
[-0.38997173] 
[-0.3935671] 
[-0.3951788] 
[-0.37937164] 
[-0.4046011] 
[-0.38436174] 
[-0.39604664] 
[-0.37763596] 
[-0.37441254] 
[-0.37112713] 
[-0.37816286] 
[-0.3861904] 
[-0.40928125] 
[-0.3956747] 
[-0.36161184] 
[-0.38033247] 
[-0.39003372] 
[-0.388422] 
[-0.41315556] 
[-0.38048744] 
[-0.4017806] 
[-0.38808107] 
[-0.40370226] 
[-0.3845477] 
[-0.3701973] 
[-0.3690195] 
[-0.38978577] 
[-0.3913355] 
[-0.3895998] 
[-0.3746295] 
[-0.39424896] 
[-0.3862524] 
[-0.39713144] 
[-0.38600445] 
[-0.39930105] 
[-0.38863897] 
[-0.37872076] 
[-0.37273884] 
[-0.40246248] 
[-0.3790927] 
[-0.3796816] 
[-0.3723359] 
[-0.38724422] 
[-0.37143707] 
[-0.38560152] 
[-0.3818822] 
[-0.37224293] 
[-0.38336992] 
[-0.38110733] 
[-0.3895378] 
[-0.3896618] 
[-0.38538456] 
[-0.38829803] 
[-0.38333893] 
[-0.37893772] 
[-0.38417578] 
[-0.39489985] 
[-0.38646936] 
[-0.37211895] 
[-0.3962326] 
[-0.3945899] 
