[-0.40467858] 8.20159912109e-05 
[-0.3862214] 0.0107219219208 
[-0.38640738] 0.0215218067169 
[-0.33776164] 0.0325229167938 
[-0.37360668] 0.0436069965363 
[-0.41992784] 0.0545728206635 
[-0.39435744] 0.0654258728027 
[-0.40813446] 0.0763299465179 
[-0.3812778] 0.0872387886047 
[-0.34950852] 0.0981647968292 
[-0.3558159] 0.109157800674 
[-0.35253048] 0.120184898376 
[-0.33921838] 0.131278991699 
[-0.33780813] 0.142405986786 
[-0.3368163] 0.153621912003 
[-0.35541296] 0.164619922638 
[-0.3496945] 0.175534009933 
[-0.35046935] 0.186577796936 
[-0.3279364] 0.197565793991 
[-0.3407061] 0.208488941193 
[-0.30596137] 0.219702005386 
[-0.33119082] 0.230893850327 
[-0.28734922] 0.241905927658 
[-0.3268826] 0.252895832062 
[-0.33563852] 0.263830900192 
[-0.33788562] 0.274907827377 
[-0.36475778] 0.285817861557 
[-0.37837982] 0.296892881393 
[-0.38639188] 0.307715892792 
[-0.40328383] 0.318735837936 
[-0.41430235] 0.329780817032 
[-0.40283442] 0.340847015381 
[-0.40196657] 0.351899862289 
[-0.4323256] 0.362882852554 
[-0.42558432] 0.373809814453 
[-0.41056752] 0.384672880173 
[-0.42051673] 0.395546913147 
[-0.43210864] 0.406426906586 
[-0.43257356] 0.417418003082 
[-0.44278622] 0.428349971771 
[-0.42324424] 0.438991785049 
[-0.41504622] 0.449851989746 
[-0.39437294] 0.460801839828 
[-0.3834939] 0.471747875214 
[-0.38701177] 0.482774972916 
[-0.35435915] 0.493709802628 
[-0.34754038] 0.50470995903 
[-0.355196] 0.515658855438 
[-0.33102036] 0.52667593956 
[-0.3208077] 0.537774801254 
[-0.3214121] 0.548854827881 
[-0.29940605] 0.559787988663 
[-0.27901173] 0.570775985718 
[-0.27273536] 0.581737995148 
[-0.2774465] 0.592664957047 
[-0.29257178] 0.603549003601 
[-0.30216455] 0.614506959915 
[-0.27770996] 0.6255838871 
[-0.29674053] 0.636674880981 
[-0.32169104] 0.647727966309 
[-0.34061313] 0.658734798431 
[-0.3619218] 0.669668912888 
[-0.3547001] 0.68056178093 
[-0.36561012] 0.691468000412 
[-0.37157655] 0.702361822128 
[-0.35553694] 0.713315963745 
[-0.35589337] 0.724431991577 
[-0.36172032] 0.735510826111 
[-0.40382624] 0.746428012848 
[-0.37985206] 0.7574198246 
[-0.42656064] 0.768313884735 
[-0.4700148] 0.779203891754 
[-0.457865] 0.790100812912 
[-0.4556179] 0.800987958908 
[-0.44168591] 0.811954975128 
[-0.43973327] 0.823025941849 
[-0.4434216] 0.83411693573 
[-0.4239571] 0.845245838165 
[-0.3950703] 0.85622882843 
[-0.40080428] 0.867105007172 
[-0.37652016] 0.8780169487 
[-0.36092997] 0.888992786407 
[-0.3597057] 0.899841785431 
[-0.3501749] 0.910789012909 
[-0.32500744] 0.921754837036 
[-0.313524] 0.932726860046 
[-0.33673882] 0.943712949753 
[-0.32666564] 0.954610824585 
[-0.34270525] 0.965517997742 
[-0.35093427] 0.976498842239 
[-0.3595507] 0.98752784729 
[-0.3763032] 0.998398780823 
[-0.41345] 1.00944399834 
[-0.40385723] 1.02040696144 
[-0.3973019] 1.03138494492 
[-0.41825414] 1.04238986969 
[-0.42524338] 1.05338597298 
[-0.41769624] 1.06431388855 
[-0.42267084] 1.07522797585 
[-0.4045391] 1.08610582352 
[-0.4200828] 1.09683179855 
[-0.43823004] 1.10759997368 
[-0.42497993] 1.11844682693 
[-0.43657184] 1.12937879562 
[-0.40046334] 1.14030599594 
[-0.42263985] 1.15114688873 
[-0.40691018] 1.16203999519 
[-0.36376595] 1.17280292511 
[-0.35562992] 1.18359994888 
[-0.33198118] 1.19438695908 
[-0.33424377] 1.20532393456 
[-0.32260537] 1.21629881859 
[-0.29433846] 1.22734379768 
[-0.2680397] 1.23835086823 
[-0.2730763] 1.24951791763 
[-0.28793812] 1.26039481163 
[-0.27011633] 1.27137994766 
[-0.30341983] 1.28233981133 
[-0.27329326] 1.29323291779 
[-0.27163506] 1.30411887169 
[-0.2780819] 1.31508398056 
[-0.28567553] 1.32612991333 
[-0.27372718] 1.33716678619 
[-0.3057909] 1.34811496735 
[-0.31439185] 1.35890078545 
[-0.27650118] 1.36975693703 
[-0.3229928] 1.38065886497 
[-0.3280139] 1.39149880409 
[-0.31036258] 1.40235280991 
[-0.33264756] 1.41334199905 
[-0.32330275] 1.42435097694 
[-0.33106685] 1.43532896042 
[-0.33757567] 1.44625782967 
[-0.32328725] 1.45718193054 
[-0.34919858] 1.4681019783 
[-0.37379265] 1.47911190987 
[-0.4700613] 1.49001193047 
[-0.5210936] 1.50092482567 
[-0.5094087] 1.51187396049 
[-0.5517471] 1.52290081978 
[-0.54812074] 1.53392386436 
[-0.53871393] 1.54485583305 
[-0.557605] 1.55572795868 
[-0.54796576] 1.56657481194 
[-0.54852366] 1.57756495476 
[-0.577333] 1.58856892586 
[-0.54593563] 1.59942889214 
[-0.54419994] 1.61040282249 
[-0.5350876] 1.62143182755 
[-0.5034268] 1.63241195679 
[-0.51918745] 1.64350295067 
[-0.5038297] 1.65449285507 
[-0.50150514] 1.66535496712 
[-0.48847198] 1.67624592781 
[-0.48207164] 1.68714499474 
[-0.4712391] 1.69798398018 
[-0.4428482] 1.70896887779 
[-0.43999672] 1.72000098228 
[-0.45420766] 1.73099184036 
[-0.4211986] 1.7419359684 
[-0.4129541] 1.75282883644 
[-0.43354988] 1.76371884346 
[-0.40170312] 1.77483201027 
[-0.4278624] 1.78572392464 
[-0.46813965] 1.79672598839 
[-0.4995525] 1.80770587921 
[-0.5382025] 1.81872987747 
[-0.54745436] 1.83001089096 
[-0.5378616] 1.84104895592 
[-0.51315904] 1.85194182396 
[-0.5365908] 1.86280798912 
[-0.53810954] 1.87367892265 
[-0.52034974] 1.88454198837 
[-0.5000639] 1.89533185959 
[-0.5111754] 1.9062538147 
[-0.493989] 1.91731381416 
[-0.4673493] 1.92831897736 
[-0.49076557] 1.93922495842 
[-0.46818614] 1.95014691353 
[-0.45189857] 1.96107578278 
[-0.47551632] 1.97190594673 
[-0.45031786] 1.98290300369 
[-0.45526147] 1.99384379387 
[-0.45210004] 2.00469183922 
[-0.44475436] 2.01576280594 
[-0.4473269] 2.02680301666 
[-0.41977286] 2.03776788712 
[-0.42643666] 2.04851198196 
[-0.4217875] 2.05931186676 
[-0.3896308] 2.0701508522 
[-0.38729072] 2.08105778694 
[-0.36824465] 2.09197592735 
[-0.3785193] 2.10291600227 
[-0.35840392] 2.11402487755 
[-0.3673613] 2.12509799004 
[-0.38276553] 2.13611388206 
[-0.39260626] 2.14705395699 
[-0.41647196] 2.15792298317 
[-0.4561448] 2.16875600815 
[-0.4840088] 2.17961096764 
[-0.47471046] 2.19043779373 
[-0.4922378] 2.2013938427 
[-0.49918056] 2.21231985092 
[-0.48591495] 2.22324585915 
[-0.5168474] 2.23428988457 
[-0.5072701] 2.24532794952 
[-0.49138546] 2.25625681877 
[-0.47374964] 2.26723384857 
[-0.46865106] 2.27812099457 
[-0.45017838] 2.28913593292 
[-0.41411638] 2.30039000511 
[-0.42759895] 2.31125593185 
[-0.40762305] 2.32234692574 
[-0.4028809] 2.33345484734 
[-0.40142417] 2.34447288513 
[-0.40029287] 2.35536289215 
[-0.38770914] 2.36616778374 
[-0.35986066] 2.37697601318 
[-0.3723204] 2.38781285286 
[-0.35107374] 2.39871883392 
[-0.34544826] 2.40962290764 
[-0.338459] 2.42060494423 
[-0.33170223] 2.43161582947 
[-0.31143188] 2.44263386726 
[-0.3318882] 2.45367193222 
[-0.3241551] 2.4645819664 
[-0.3385055] 2.47546887398 
[-0.35927176] 2.4864180088 
[-0.4007578] 2.49755477905 
[-0.51081896] 2.50848984718 
[-0.5094862] 2.5194478035 
[-0.5139184] 2.53041791916 
[-0.5162895] 2.54147696495 
[-0.5057514] 2.55245780945 
[-0.48467517] 2.56332778931 
[-0.46877503] 2.57420778275 
[-0.44301867] 2.58516693115 
[-0.43668032] 2.59608078003 
[-0.43558002] 2.60695695877 
[-0.42090416] 2.61779379845 
[-0.3780234] 2.62879896164 
[-0.35420418] 2.63990783691 
[-0.3662455] 2.65087795258 
[-0.30272245] 2.66177392006 
[-0.32232642] 2.6726667881 
[-0.32812238] 2.68353700638 
[-0.2864349] 2.69450592995 
[-0.2957332] 2.70540499687 
[-0.26230574] 2.7162938118 
[-0.2709067] 2.72729492188 
[-0.24109006] 2.73841786385 
[-0.24236083] 2.7496368885 
[-0.26052356] 2.76075792313 
[-0.25728464] 2.77164196968 
[-0.26782274] 2.78256392479 
[-0.30145168] 2.79348897934 
[-0.3136325] 2.80437493324 
[-0.3101611] 2.81536698341 
[-0.32987356] 2.82647585869 
[-0.3457582] 2.83784079552 
[-0.41504622] 2.84885692596 
[-0.4756093] 2.85962080956 
[-0.49541473] 2.87051701546 
[-0.5093932] 2.88138890266 
[-0.46547413] 2.89228200912 
[-0.466156] 2.9031457901 
[-0.43221712] 2.91405487061 
[-0.43048143] 2.9250998497 
[-0.41647196] 2.93607282639 
[-0.39051414] 2.94712495804 
[-0.39277673] 2.95810890198 
[-0.37228942] 2.96894884109 
[-0.34606814] 2.9799478054 
[-0.3351891] 2.99087095261 
[-0.33162475] 3.00183391571 
[-0.31591058] 3.01281499863 
[-0.2924168] 3.02380084991 
[-0.30262947] 3.03484678268 
[-0.28995275] 3.04588198662 
[-0.2807474] 3.05676984787 
[-0.28211117] 3.06765985489 
[-0.29760838] 3.07855296135 
[-0.28848052] 3.08949184418 
[-0.30597687] 3.10053801537 
[-0.3069687] 3.11151194572 
[-0.3225124] 3.12252688408 
[-0.33881545] 3.13356995583 
[-0.3363824] 3.14472579956 
[-0.35265446] 3.15570497513 
[-0.37156105] 3.16663479805 
[-0.34642458] 3.17749285698 
[-0.42254686] 3.18844795227 
[-0.3979683] 3.19937586784 
[-0.3768146] 3.21030879021 
[-0.35389423] 3.22130298615 
[-0.34786582] 3.23230981827 
[-0.33549905] 3.24327683449 
[-0.30452013] 3.25422883034 
[-0.30991316] 3.26526784897 
[-0.2696979] 3.27622795105 
[-0.2647543] 3.28723192215 
[-0.2325046] 3.2981159687 
[-0.21945596] 3.30915594101 
[-0.20338535] 3.32024979591 
[-0.2031529] 3.33132600784 
[-0.22833586] 3.34250092506 
[-0.21353602] 3.35356092453 
[-0.23499966] 3.36472201347 
[-0.23541808] 3.37561392784 
[-0.24296522] 3.38648891449 
[-0.24826527] 3.39756798744 
[-0.27213097] 3.40851092339 
[-0.28676033] 3.41952300072 
[-0.28961182] 3.43058896065 
[-0.32090068] 3.44171380997 
[-0.2985537] 3.45276689529 
[-0.33649087] 3.46364688873 
[-0.333035] 3.47463989258 
[-0.34788132] 3.48560380936 
[-0.3639984] 3.49659585953 
[-0.33839703] 3.50755786896 
[-0.40275693] 3.5185239315 
[-0.39936304] 3.52953886986 
[-0.3612399] 3.54053378105 
[-0.36388993] 3.55142688751 
[-0.35236] 3.56235098839 
[-0.31701088] 3.57326698303 
[-0.29401302] 3.58417081833 
[-0.2874887] 3.59506678581 
[-0.24756789] 3.60596299171 
[-0.2480638] 3.61687994003 
[-0.20113826] 3.62788200378 
[-0.2059269] 3.63887095451 
[-0.21108747] 3.64989495277 
[-0.21104097] 3.66103196144 
[-0.20344734] 3.6718518734 
[-0.23171425] 3.68273282051 
[-0.22357821] 3.69361686707 
[-0.21953344] 3.70449185371 
[-0.24953604] 3.71547889709 
[-0.24488688] 3.72654795647 
[-0.26401043] 3.73755097389 
[-0.26706338] 3.748472929 
[-0.28319597] 3.75933480263 
[-0.294137] 3.77019286156 
[-0.31343102] 3.78106880188 
[-0.3169179] 3.79194092751 
[-0.32336473] 3.8028178215 
[-0.32714605] 3.81386899948 
[-0.36474228] 3.82485890388 
[-0.36450982] 3.8360748291 
[-0.38110733] 3.84722185135 
[-0.42140007] 3.85814785957 
[-0.35528898] 3.86901092529 
[-0.37259936] 3.8799059391 
[-0.34368157] 3.89081382751 
[-0.31707287] 3.9019548893 
[-0.32215595] 3.9128818512 
[-0.3058219] 3.92390179634 
[-0.30774355] 3.93495678902 
[-0.27267337] 3.94605898857 
[-0.26940346] 3.95699882507 
[-0.27000785] 3.96790099144 
[-0.23682833] 3.97882699966 
[-0.23803711] 3.98979687691 
[-0.21965742] 4.00074195862 
[-0.21127343] 4.01159095764 
[-0.19895315] 4.02260994911 
[-0.20817399] 4.03368401527 
[-0.2175653] 4.04470491409 
[-0.22243142] 4.05572080612 
[-0.22557735] 4.06666684151 
[-0.23791313] 4.07755279541 
[-0.2675128] 4.08843398094 
[-0.27267337] 4.09933185577 
[-0.3052795] 4.11020684242 
[-0.27510643] 4.12127184868 
[-0.2963686] 4.13238501549 
[-0.31088948] 4.14356184006 
[-0.33156276] 4.15458488464 
[-0.33556104] 4.16549181938 
[-0.35597086] 4.1764588356 
[-0.32823086] 4.18741679192 
[-0.33650637] 4.19830179214 
[-0.30734062] 4.20919680595 
[-0.32479048] 4.22018384933 
[-0.30817747] 4.23120999336 
[-0.30146718] 4.24240899086 
[-0.305202] 4.25343585014 
[-0.3136325] 4.26429200172 
[-0.288651] 4.27520990372 
[-0.2936101] 4.28618192673 
[-0.2929902] 4.29709100723 
[-0.29791832] 4.30798697472 
[-0.3012812] 4.31894779205 
[-0.2990961] 4.33000993729 
[-0.2996695] 4.34105300903 
[-0.31784773] 4.35202383995 
[-0.30726314] 4.36295199394 
[-0.32437205] 4.37387895584 
[-0.3213191] 4.38476085663 
[-0.32203197] 4.3956580162 
[-0.31426787] 4.40658378601 
[-0.31384945] 4.4175298214 
[-0.36148787] 4.4288020134 
[-0.35426617] 4.44000792503 
[-0.3524065] 4.45098900795 
[-0.3446579] 4.4619178772 
[-0.36533117] 4.47281479836 
[-0.35950422] 4.48370790482 
[-0.38501263] 4.49467301369 
[-0.38267255] 4.50556898117 
[-0.38098335] 4.51667881012 
[-0.41145086] 4.52771878242 
[-0.45141816] 4.53878879547 
[-0.47925115] 4.54970693588 
[-0.46362996] 4.56059098244 
[-0.4318297] 4.57143592834 
[-0.4406476] 4.58235001564 
[-0.41709185] 4.59332084656 
[-0.4196489] 4.60419392586 
[-0.37783742] 4.61511588097 
[-0.39882064] 4.62609696388 
[-0.40495753] 4.63713097572 
[-0.41039705] 4.64818191528 
[-0.40006042] 4.65913796425 
[-0.40918827] 4.66999292374 
[-0.39617062] 4.681016922 
[-0.42088866] 4.69188380241 
[-0.4229498] 4.70275783539 
[-0.4379511] 4.7136888504 
[-0.42431355] 4.72462296486 
[-0.42969108] 4.73552489281 
[-0.46593904] 4.74652290344 
[-0.45375824] 4.75739789009 
[-0.45555592] 4.76828789711 
[-0.4611814] 4.77916383743 
[-0.46494722] 4.79007792473 
[-0.47429204] 4.80098986626 
[-0.48585296] 4.81191682816 
[-0.49384952] 4.82290887833 
[-0.48811555] 4.83398485184 
[-0.48644185] 4.84513282776 
[-0.47515988] 4.85627198219 
[-0.45938373] 4.867208004 
[-0.44494033] 4.87813091278 
[-0.4362464] 4.88906788826 
[-0.38533807] 4.89992785454 
[-0.37971258] 4.91084480286 
[-0.3617823] 4.92186379433 
[-0.36119342] 4.93286895752 
[-0.35896182] 4.94378399849 
[-0.33703327] 4.95467686653 
[-0.34171343] 4.96579885483 
[-0.30235052] 4.97666192055 
[-0.31158686] 4.98757195473 
[-0.3335619] 4.99846482277 
[-0.35110474] 5.00951600075 
[-0.37396312] 5.02066779137 
[-0.35655975] 5.03165078163 
[-0.3613019] 5.04264593124 
[-0.37554383] 5.0536198616 
[-0.39824724] 5.0645070076 
[-0.39031267] 5.07538580894 
[-0.3812003] 5.08628296852 
[-0.39101005] 5.09715795517 
[-0.40081978] 5.10812497139 
[-0.40604234] 5.11913490295 
[-0.405221] 5.13014793396 
[-0.40252447] 5.14114379883 
[-0.40387273] 5.15204596519 
[-0.40387273] 5.16294288635 
[-0.4284358] 5.17383790016 
[-0.43864846] 5.18471693993 
[-0.46353698] 5.1956949234 
[-0.45037985] 5.20670485497 
[-0.43356538] 5.21772480011 
[-0.3928852] 5.22876596451 
[-0.39857268] 5.23972201347 
[-0.36610603] 5.2506108284 
[-0.35536647] 5.26146578789 
[-0.38312197] 5.27234888077 
[-0.3679812] 5.28324580193 
[-0.3852296] 5.29422783852 
[-0.39861917] 5.30527091026 
[-0.3896773] 5.31628680229 
[-0.39226532] 5.32740592957 
[-0.4184866] 5.33854198456 
[-0.4174018] 5.34964585304 
[-0.407871] 5.36054491997 
[-0.4312098] 5.37139582634 
[-0.42656064] 5.38226985931 
[-0.41558862] 5.39322090149 
[-0.4411745] 5.40414190292 
[-0.42716503] 5.41517496109 
[-0.46218872] 5.42618489265 
[-0.44494033] 5.43712687492 
[-0.4467845] 5.44801998138 
[-0.46651244] 5.45888781548 
[-0.48326492] 5.46971893311 
[-0.518955] 5.48056578636 
[-0.48847198] 5.49167895317 
[-0.48128128] 5.50258493423 
[-0.46720982] 5.51350498199 
[-0.4705572] 5.52446985245 
[-0.43815255] 5.53552293777 
[-0.43833852] 5.54658889771 
[-0.42104363] 5.55750989914 
[-0.4101181] 5.56831097603 
[-0.41331053] 5.57922291756 
[-0.42194247] 5.59007501602 
[-0.42378664] 5.60106182098 
[-0.4472959] 5.61207985878 
[-0.43384433] 5.62305688858 
[-0.4667914] 5.63402080536 
[-0.46259165] 5.64495897293 
[-0.46708584] 5.65584182739 
[-0.4523945] 5.6667637825 
[-0.47430754] 5.67763900757 
[-0.4866433] 5.68860793114 
[-0.505085] 5.69957089424 
[-0.49755335] 5.71048283577 
[-0.48211813] 5.72145080566 
[-0.4977703] 5.73248386383 
[-0.4789877] 5.74347686768 
[-0.49154043] 5.75443100929 
[-0.48699975] 5.76537489891 
[-0.50706863] 5.77626085281 
[-0.5038452] 5.78694200516 
[-0.507797] 5.79760694504 
[-0.4617858] 5.80854201317 
[-0.45831442] 5.81952285767 
[-0.45529246] 5.83060383797 
[-0.4296136] 5.84171295166 
[-0.43644786] 5.85280299187 
[-0.45743108] 5.86375880241 
[-0.43638587] 5.87473297119 
[-0.44526577] 5.88572978973 
[-0.4428172] 5.8966178894 
[-0.4506433] 5.90754580498 
[-0.44156194] 5.91849994659 
[-0.42939663] 10.9349558353 
[-0.4283738] 10.9462299347 
[-0.46110392] 10.9574079514 
[-0.51856756] 10.9686779976 
[-0.5316782] 10.9798119068 
[-0.5790067] 10.99087286 
[-0.59636354] 11.002024889 
[-0.61570406] 11.0133099556 
[-0.62193394] 11.0245959759 
[-0.6238866] 11.0361309052 
[-0.63857794] 11.0473117828 
[-0.6482482] 11.0583388805 
[-0.6359434] 11.0695269108 
[-0.6526184] 11.0806009769 
[-0.6855655] 11.0917229652 
[-0.64071655] 11.1028969288 
[-0.6248474] 11.114055872 
[-0.6244755] 11.1252868176 
[-0.6139064] 11.1367278099 
[-0.6416154] 11.1479258537 
[-0.60519695] 11.158924818 
[-0.60693264] 11.1701588631 
[-0.6064677] 11.1816120148 
[-0.6195164] 11.1926407814 
[-0.5976033] 11.2037718296 
[-0.6028724] 11.2150149345 
[-0.58805704] 11.2263967991 
[-0.5894828] 11.2375779152 
[-0.6045151] 11.2487339973 
[-0.624212] 11.2598268986 
[-0.6044686] 11.2709429264 
[-0.6082499] 11.2820367813 
[-0.6006563] 11.2931418419 
[-0.5861044] 11.3043208122 
[-0.6042671] 11.3156359196 
[-0.58861494] 11.326364994 
[-0.5654311] 11.337458849 
[-0.5654311] 11.348582983 
[-0.5892968] 11.3597099781 
[-0.58815] 11.3708438873 
[-0.6298375] 11.3819298744 
[-0.6260407] 11.393018961 
[-0.6222439] 11.4042029381 
[-0.6148052] 11.4154059887 
[-0.6350136] 11.4265208244 
[-0.6282723] 11.4377689362 
[-0.616169] 11.4489150047 
[-0.6050885] 11.4599788189 
[-0.59357405] 11.4710168839 
[-0.58294296] 11.4821059704 
[-0.6014621] 11.4932799339 
[-0.5942869] 11.5044839382 
[-0.590924] 11.5157577991 
[-0.58684826] 11.5270228386 
[-0.588336] 11.5383589268 
[-0.58512807] 11.5494189262 
[-0.5786967] 11.5604999065 
[-0.60251594] 11.5715348721 
[-0.57736397] 11.5826318264 
[-0.58123827] 11.5937190056 
[-0.5822766] 11.6047618389 
[-0.56337] 11.6159849167 
[-0.56070447] 11.6272218227 
[-0.56529164] 11.6385238171 
[-0.55577636] 11.6498548985 
[-0.5434406] 11.6609609127 
[-0.52853227] 11.6720678806 
[-0.5572331] 11.6831510067 
[-0.5598831] 11.6942420006 
[-0.5765736] 11.7053358555 
[-0.5877471] 11.716506958 
[-0.60789347] 11.7276849747 
[-0.60516596] 11.7388927937 
[-0.60694814] 11.7500298023 
[-0.6253743] 11.7611439228 
[-0.6060493] 11.772439003 
[-0.61850905] 11.7835528851 
[-0.6123102] 11.7944409847 
[-0.624398] 11.8054909706 
[-0.574404] 11.816770792 
[-0.5561793] 11.8278799057 
[-0.5628276] 11.839015007 
[-0.55413365] 11.8501939774 
[-0.5709791] 11.8612999916 
[-0.5461836] 11.8723769188 
[-0.5455172] 11.8834359646 
[-0.5567062] 11.8944978714 
[-0.5590308] 11.9055719376 
[-0.544014] 11.9166929722 
[-0.5305004] 11.9277830124 
[-0.5312288] 11.9390180111 
[-0.532763] 11.9502549171 
[-0.5511427] 11.9614768028 
[-0.55083275] 11.9726169109 
[-0.53638935] 11.9836809635 
[-0.52685857] 11.994781971 
[-0.5149567] 12.005936861 
[-0.5172813] 12.0171978474 
[-0.524348] 12.0286288261 
[-0.53463817] 12.0399749279 
[-0.54812074] 12.0510590076 
[-0.5571556] 12.0624449253 
[-0.55971265] 12.0734548569 
[-0.5839503] 12.0845868587 
[-0.59749484] 12.0955429077 
[-0.6070721] 12.1065349579 
[-0.60584784] 12.1176128387 
[-0.590986] 12.1287999153 
[-0.5595732] 12.1398367882 
[-0.55312634] 12.1510858536 
[-0.5504298] 12.1623198986 
[-0.54367304] 12.1735630035 
[-0.5393493] 12.1847319603 
[-0.5465555] 12.195679903 
[-0.52631617] 12.2067689896 
[-0.5306089] 12.2179868221 
[-0.5127406] 12.2291679382 
[-0.50967216] 12.2403190136 
[-0.488441] 12.2515919209 
[-0.50815344] 12.2627308369 
[-0.4901302] 12.2738218307 
[-0.49569368] 12.2848958969 
[-0.4861164] 12.2959787846 
[-0.49319863] 12.3070478439 
[-0.4738891] 12.3181328773 
[-0.4750979] 12.3290009499 
[-0.48868895] 12.3402099609 
[-0.49206734] 12.351405859 
[-0.48882842] 12.3627297878 
[-0.50985813] 12.3739328384 
[-0.5016601] 12.3849987984 
[-0.5316162] 12.3962059021 
[-0.5709326] 12.4071359634 
[-0.560379] 12.4178957939 
[-0.5815947] 12.4288218021 
[-0.5893588] 12.4396948814 
[-0.59183836] 12.4507558346 
[-0.6038487] 12.4616827965 
[-0.6115508] 12.4727928638 
[-0.61353445] 12.483828783 
[-0.64237475] 12.4948589802 
[-0.62797785] 12.5058479309 
[-0.6316817] 12.5169129372 
[-0.60970664] 12.528028965 
[-0.6026244] 12.5392849445 
[-0.602051] 12.5503048897 
[-0.5838263] 12.5613818169 
[-0.5722964] 12.5722839832 
[-0.57252884] 12.5832259655 
[-0.60519695] 12.5942618847 
[-0.59957147] 12.6053218842 
[-0.5893588] 12.6164629459 
[-0.57909966] 12.6275019646 
[-0.56533813] 12.6385970116 
[-0.5676317] 12.6496398449 
[-0.5671668] 12.6608028412 
[-0.5538392] 12.6719558239 
[-0.55977464] 12.6830909252 
[-0.5522895] 12.6941659451 
[-0.5609524] 12.7052938938 
[-0.560503] 12.7163188457 
[-0.5568147] 12.7271308899 
[-0.55193305] 12.7381019592 
[-0.5877161] 12.7492878437 
[-0.5962086] 12.7603468895 
[-0.58742166] 12.7714488506 
[-0.6210971] 12.7825629711 
[-0.61623096] 12.7936890125 
[-0.6143248] 12.8048009872 
[-0.63910484] 12.8160820007 
[-0.5870342] 12.8273568153 
[-0.5616033] 12.8385868073 
[-0.5704522] 12.8498249054 
[-0.549562] 12.8609309196 
[-0.53700924] 12.8720037937 
[-0.5283773] 12.8830189705 
[-0.48320293] 12.8941469193 
[-0.49826622] 12.9053039551 
[-0.49130797] 12.9163508415 
[-0.47855377] 12.927562952 
[-0.48549652] 12.9388439655 
[-0.4473114] 12.9500749111 
[-0.45242548] 12.9611577988 
[-0.44100404] 12.9722399712 
[-0.438385] 12.9834887981 
[-0.45298338] 12.9947388172 
[-0.44432044] 13.0058319569 
[-0.44610262] 13.0170648098 
[-0.45202255] 13.0283899307 
[-0.43813705] 13.0398027897 
[-0.44924855] 13.0509769917 
[-0.43474317] 13.0620110035 
[-0.43554902] 13.0731089115 
[-0.43133378] 13.0839838982 
[-0.45103073] 13.0951249599 
[-0.46276212] 13.1062819958 
[-0.46097994] 13.1176998615 
[-0.46424985] 13.1287379265 
[-0.4645753] 13.1399419308 
[-0.46914697] 13.15107584 
[-0.47748446] 13.1622679234 
[-0.47767043] 13.1735079288 
[-0.50085425] 13.1845159531 
[-0.46849608] 13.1955628395 
[-0.4761207] 13.2066857815 
[-0.48754215] 13.2178368568 
[-0.49639106] 13.2290589809 
[-0.4949653] 13.2402918339 
[-0.46646595] 13.2515869141 
[-0.44666052] 13.2626879215 
[-0.45265794] 13.2738099098 
[-0.45316935] 13.2848608494 
[-0.39888263] 13.295938015 
[-0.40024638] 13.307076931 
[-0.4150927] 13.318281889 
[-0.3807044] 13.3295998573 
[-0.39367557] 13.3408489227 
[-0.3752339] 13.3520579338 
[-0.37162304] 13.363132 
[-0.3906691] 13.3741908073 
[-0.36932945] 13.3853399754 
[-0.35877585] 13.3960869312 
[-0.35992265] 13.4071028233 
[-0.37700057] 13.4179499149 
[-0.3968835] 13.4287259579 
[-0.39387703] 13.4397828579 
[-0.41146636] 13.450868845 
[-0.40278792] 13.4614257812 
[-0.42243838] 13.4721198082 
[-0.4517746] 13.4832208157 
[-0.45082927] 13.4943909645 
[-0.46308756] 13.5055148602 
[-0.48032045] 13.5169019699 
[-0.4971969] 13.5282969475 
[-0.49763083] 13.5396947861 
[-0.52594423] 13.5508198738 
[-0.5067742] 13.561868906 
[-0.5238676] 13.5729658604 
[-0.5194509] 13.5840308666 
[-0.49933553] 13.5949838161 
[-0.499444] 13.6061148643 
[-0.46578407] 13.617390871 
[-0.46517968] 13.6286008358 
[-0.46477675] 13.6396529675 
[-0.45031786] 13.6505179405 
[-0.4450953] 13.6616528034 
[-0.43545604] 13.6728339195 
[-0.40813446] 13.6840178967 
[-0.40136218] 13.695029974 
[-0.40494204] 13.7061038017 
[-0.38817406] 13.7173860073 
[-0.37263036] 13.7285737991 
[-0.3735447] 13.7396359444 
[-0.38747668] 13.7506430149 
[-0.36643147] 13.761608839 
[-0.35203457] 13.7726998329 
[-0.3696549] 13.7839119434 
[-0.3901732] 13.794946909 
[-0.39324164] 13.8058538437 
[-0.42890072] 13.8170678616 
[-0.44326663] 13.8282608986 
[-0.4645443] 13.8395137787 
[-0.4594767] 13.850466013 
[-0.46985984] 13.8614189625 
[-0.4917419] 13.872469902 
[-0.5184591] 13.8835380077 
[-0.5117023] 13.8946268559 
[-0.52081466] 13.9057178497 
[-0.5428052] 13.9168968201 
[-0.56516767] 13.9280898571 
[-0.54861665] 13.9393029213 
[-0.4984212] 13.9504818916 
[-0.4927957] 13.9615428448 
[-0.48137426] 13.9725019932 
[-0.48927784] 13.9833269119 
[-0.49828172] 13.9944319725 
[-0.46885252] 14.0055208206 
[-0.44799328] 14.0170078278 
[-0.4595232] 14.0280628204 
[-0.452379] 14.0393419266 
[-0.44360757] 14.0504829884 
[-0.43474317] 14.0615828037 
[-0.43880343] 14.0726969242 
[-0.41315556] 14.0837798119 
[-0.40447712] 14.0948989391 
[-0.42536736] 14.1062498093 
[-0.4567337] 14.1175208092 
[-0.44579268] 14.1287767887 
[-0.49713492] 14.1399538517 
[-0.4878986] 14.1510078907 
[-0.5099821] 14.1621179581 
[-0.52873373] 14.1735417843 
[-0.5566132] 14.1847457886 
[-0.54630756] 14.1958239079 
[-0.577209] 14.207007885 
[-0.5836868] 14.2181839943 
[-0.6276834] 14.229475975 
[-0.6250799] 14.2405638695 
[-0.6403446] 14.2516767979 
[-0.6494415] 14.2627739906 
[-0.6710291] 14.2738208771 
[-0.6628001] 14.2849199772 
[-0.6210351] 14.2961239815 
[-0.5120897] 14.3071269989 
[-0.50705314] 14.3183917999 
[-0.4767871] 14.3296887875 
[-0.45806646] 14.3408668041 
[-0.4640484] 14.3520019054 
[-0.44413447] 14.3629570007 
[-0.44879913] 14.3739910126 
[-0.44384003] 14.3851168156 
[-0.4368198] 14.3959918022 
[-0.46152234] 14.4071269035 
[-0.4817307] 14.418186903 
[-0.46603203] 14.4289708138 
[-0.48483014] 14.4399459362 
[-0.50812244] 14.4510068893 
[-0.496794] 14.4620368481 
[-0.5289352] 14.4731509686 
[-0.5290282] 14.4842579365 
[-0.5320811] 14.4953958988 
[-0.5384505] 14.5064849854 
[-0.5699098] 14.5177569389 
[-0.55690765] 14.5292458534 
[-0.5772245] 14.5409748554 
[-0.5932486] 14.5521438122 
[-0.5925667] 14.5632808208 
[-0.61454177] 14.5743730068 
[-0.6159675] 14.5854258537 
[-0.6242275] 14.5965108871 
[-0.6603205] 14.6076488495 
[-0.6238091] 14.618778944 
[-0.6188655] 14.6299529076 
[-0.6073046] 14.6411669254 
[-0.5482602] 14.6522939205 
[-0.4855585] 14.663435936 
[-0.44587016] 14.6747260094 
[-0.43660283] 14.6857998371 
[-0.44439793] 14.696833849 
[-0.40784] 14.7078478336 
[-0.40198207] 14.7189838886 
[-0.40333033] 14.7302188873 
[-0.38558602] 14.7413029671 
[-0.40700316] 14.7522518635 
[-0.40863037] 14.7633697987 
[-0.44252276] 14.7743349075 
[-0.4412675] 14.7854998112 
[-0.46314955] 14.7967238426 
[-0.45760155] 14.8077228069 
[-0.49202085] 14.8188660145 
[-0.5044496] 14.8300228119 
[-0.48366785] 14.8407299519 
[-0.52304626] 14.8517608643 
[-0.529958] 14.8629608154 
[-0.55349827] 14.8740878105 
[-0.59027314] 14.8852210045 
[-0.58402777] 14.8961808681 
[-0.61675787] 14.9072489738 
[-0.6133795] 14.9184207916 
[-0.6365633] 14.9295978546 
[-0.6620717] 14.9407508373 
[-0.65013885] 14.9518067837 
[-0.665884] 14.9628520012 
[-0.6388569] 14.9740920067 
[-0.6427312] 14.9851698875 
[-0.6587863] 14.9962289333 
[-0.6431651] 15.007381916 
[-0.5945039] 15.0186228752 
[-0.5257118] 15.0301749706 
[-0.48087835] 15.0415518284 
[-0.4422593] 15.0525689125 
[-0.4311633] 15.0636489391 
[-0.45519948] 15.0747509003 
[-0.44205785] 15.0858337879 
[-0.48489213] 15.0968978405 
[-0.48479915] 15.1080548763 
[-0.48853397] 15.1193079948 
[-0.52535534] 15.1305718422 
[-0.5067587] 15.1415848732 
[-0.51576257] 15.1526529789 
[-0.52521586] 15.1637167931 
[-0.53747416] 15.1748359203 
[-0.5550635] 15.185972929 
[-0.5698788] 15.1970729828 
[-0.5792856] 15.2081489563 
[-0.5977428] 15.219399929 
[-0.61677337] 15.2306408882 
[-0.61733127] 15.2416808605 
[-0.62301874] 15.2529828548 
[-0.6477058] 15.2640099525 
[-0.63121676] 15.2750689983 
[-0.6427777] 15.2860000134 
[-0.67629814] 15.2966048717 
[-0.6444669] 15.3075988293 
[-0.63007] 15.3187978268 
[-0.61798215] 15.3301308155 
[-0.61807513] 15.3413398266 
[-0.58472514] 15.3524699211 
[-0.56902647] 15.3635098934 
[-0.55475354] 15.3746459484 
[-0.5409765] 15.3857607841 
[-0.48980474] 15.3968298435 
[-0.50031185] 15.40802598 
[-0.471673] 15.4191598892 
[-0.50375223] 15.4305269718 
[-0.49304366] 15.4417657852 
[-0.4983902] 15.4528448582 
[-0.5182266] 15.4639079571 
[-0.53800106] 15.4750118256 
[-0.552274] 15.4861829281 
[-0.5711651] 15.4973528385 
[-0.5665469] 15.5083899498 
[-0.5689335] 15.5195119381 
[-0.58630586] 15.5307638645 
[-0.5822611] 15.5421559811 
[-0.5920863] 15.5533089638 
[-0.5925977] 15.5643708706 
[-0.5923343] 15.5753338337 
[-0.59682846] 15.5863668919 
[-0.6114578] 15.5975008011 
[-0.6371057] 15.6085669994 
[-0.60308933] 15.6197648048 
[-0.6192839] 15.631043911 
[-0.624305] 15.642321825 
[-0.61796665] 15.6535339355 
[-0.646559] 15.6645917892 
[-0.65295935] 15.6758728027 
[-0.6543231] 15.6869909763 
[-0.65511346] 15.6980857849 
[-0.6722534] 15.7091798782 
[-0.66510916] 15.7203578949 
[-0.682528] 15.7315468788 
[-0.638299] 15.7428438663 
[-0.5904901] 15.7539818287 
[-0.5540407] 15.7650339603 
[-0.53632736] 15.7761359215 
[-0.54198384] 15.7872560024 
[-0.5728543] 15.7983160019 
[-0.56862354] 15.8094449043 
[-0.5931246] 15.8206458092 
[-0.58571696] 15.8318939209 
[-0.6154561] 15.8431379795 
[-0.61120987] 15.854254961 
[-0.62528133] 15.8653509617 
[-0.6264746] 15.8764159679 
[-0.6443274] 15.8874878883 
[-0.67065716] 15.8986070156 
[-0.6904626] 15.9097409248 
[-0.6798315] 15.9209218025 
[-0.6893933] 15.9322299957 
[-0.7203102] 15.9432749748 
[-0.72674155] 15.9542999268 
[-0.71059346] 15.9654009342 
[-0.6974983] 15.9765529633 
[-0.71507215] 15.9877588749 
[-0.6897032] 15.9989068508 
[-0.6808388] 16.0100388527 
[-0.66841006] 16.0212848186 
[-0.6637764] 16.0324239731 
[-0.6763911] 16.0437939167 
[-0.663079] 16.0548579693 
[-0.61361194] 16.065912962 
[-0.50085425] 16.0770189762 
[-0.4739976] 16.0881929398 
[-0.47694206] 16.0994369984 
[-0.46866655] 16.1107969284 
[-0.4650402] 16.1220369339 
[-0.46541214] 16.1332519054 
[-0.44467688] 16.1445407867 
[-0.4766941] 16.1555459499 
[-0.4538977] 16.1666460037 
[-0.421772] 16.177767992 
[-0.4439485] 16.1888899803 
[-0.42986155] 16.2000308037 
[-0.4150927] 16.211316824 
[-0.4011917] 16.2225599289 
[-0.41890502] 16.2338969707 
[-0.40165663] 16.2451968193 
[-0.4134345] 16.256280899 
[-0.4023695] 16.2673199177 
[-0.42104363] 16.2784898281 
[-0.41991234] 16.2896327972 
[-0.40534496] 16.3006868362 
[-0.40418267] 16.3118498325 
[-0.4201138] 16.3229839802 
[-0.44142246] 16.3342628479 
[-0.44318914] 16.3455498219 
[-0.4733777] 16.3565168381 
[-0.48765063] 16.3674499989 
[-0.5061543] 16.3784108162 
[-0.521729] 16.3894519806 
[-0.5089903] 16.400539875 
[-0.5328095] 16.4116477966 
[-0.5185211] 16.4228219986 
[-0.56425333] 16.4339559078 
[-0.5601001] 16.4448878765 
[-0.5700648] 16.455976963 
[-0.5421698] 16.4670438766 
[-0.5545831] 16.4781708717 
[-0.5428672] 16.4895429611 
[-0.5554509] 16.5007698536 
[-0.55751204] 16.5118088722 
[-0.53020597] 16.522990942 
[-0.52966356] 16.5340819359 
[-0.51760674] 16.5456159115 
[-0.55356026] 16.5566549301 
[-0.5365443] 16.5677158833 
[-0.5600381] 16.5787849426 
[-0.5626106] 16.5898139477 
[-0.5683911] 16.6008207798 
[-0.57631016] 16.6119120121 
[-0.5688715] 16.623183012 
[-0.58478713] 16.6343948841 
[-0.59904456] 16.645595789 
[-0.60904026] 16.6567189693 
[-0.62346816] 16.6678109169 
[-0.6159055] 16.6789968014 
[-0.65244794] 16.690158844 
[-0.64958096] 16.7013409138 
[-0.6477833] 16.7124359608 
[-0.6442499] 16.7236278057 
[-0.6309223] 16.7349128723 
[-0.61795115] 16.7460157871 
[-0.6210351] 16.7566668987 
[-0.62194943] 16.767747879 
[-0.604918] 16.7788808346 
[-0.5467415] 16.789965868 
[-0.5173123] 16.8011069298 
[-0.5151737] 16.8122239113 
[-0.50928473] 16.8234159946 
[-0.50139666] 16.8346328735 
[-0.49992442] 16.8459630013 
[-0.49928904] 16.8567187786 
[-0.491122] 16.8677768707 
[-0.49538374] 16.8788487911 
[-0.48256755] 16.8899908066 
[-0.4817462] 16.9011487961 
[-0.46578407] 16.9122707844 
[-0.46144485] 16.923527956 
[-0.45888782] 16.9347879887 
[-0.46085596] 16.9458498955 
[-0.47763944] 16.9566497803 
[-0.4894173] 16.9677360058 
[-0.5072856] 16.9788417816 
[-0.5087733] 16.9902729988 
[-0.5055034] 17.0014429092 
[-0.5354285] 17.0124719143 
[-0.529989] 17.0237209797 
[-0.5448508] 17.0349698067 
[-0.54481983] 17.0462667942 
[-0.5488956] 17.0573458672 
[-0.5537617] 17.0683867931 
[-0.56194425] 17.0795128345 
[-0.54852366] 17.0906949043 
[-0.5510342] 17.1017699242 
[-0.54251075] 17.1128909588 
[-0.56571007] 17.1240029335 
[-0.5472219] 17.1351399422 
[-0.58078885] 17.1464109421 
[-0.5679107] 17.1576068401 
[-0.5383265] 17.1686918736 
[-0.52205443] 17.1798148155 
[-0.5177152] 17.1909008026 
[-0.52529335] 17.2020089626 
[-0.541209] 17.2131187916 
[-0.52248836] 17.2242767811 
[-0.5218375] 17.2354478836 
[-0.5217445] 17.2466089725 
[-0.49030066] 17.2577149868 
[-0.52428603] 17.2687540054 
[-0.49653053] 17.2797818184 
[-0.50708413] 17.2908828259 
