[-0.43313146] 7.48634338379e-05 
[-0.42639017] 0.0108318328857 
[-0.41557312] 0.0216438770294 
[-0.35149217] 0.0326399803162 
[-0.39706945] 0.043625831604 
[-0.41924596] 0.0545978546143 
[-0.43361187] 0.0657739639282 
[-0.4289317] 0.0768859386444 
[-0.3979528] 0.0877828598022 
[-0.39252877] 0.0986700057983 
[-0.37540436] 0.109527826309 
[-0.3657031] 0.120429992676 
[-0.38169622] 0.1313829422 
[-0.36889553] 0.142342805862 
[-0.36663294] 0.153370857239 
[-0.37340522] 0.164352893829 
[-0.36948442] 0.175313949585 
[-0.34812927] 0.186277866364 
[-0.3618753] 0.197184801102 
[-0.34392953] 0.208069801331 
[-0.35507202] 0.219079017639 
[-0.3197384] 0.230083942413 
[-0.31347752] 0.241035938263 
[-0.32491446] 0.252021789551 
[-0.35282493] 0.263022899628 
[-0.35373926] 0.274182796478 
[-0.3802085] 0.285270929337 
[-0.39026618] 0.296172857285 
[-0.38980126] 0.307040929794 
[-0.3984797] 0.317957878113 
[-0.4079485] 0.328936815262 
[-0.41279912] 0.339921951294 
[-0.41606903] 0.35097694397 
[-0.42203546] 0.362085819244 
[-0.43156624] 0.372974872589 
[-0.4306674] 0.383953809738 
[-0.42031527] 0.394833803177 
[-0.45216203] 0.405704975128 
[-0.45025587] 0.416630983353 
[-0.45761704] 0.427610874176 
[-0.41529417] 0.438649892807 
[-0.4289782] 0.449689865112 
[-0.39031267] 0.460783958435 
[-0.36550164] 0.471690893173 
[-0.3585744] 0.482573986053 
[-0.37396312] 0.493448972702 
[-0.36867857] 0.504326820374 
[-0.3479433] 0.515211820602 
[-0.35882235] 0.526203870773 
[-0.34162045] 0.537245988846 
[-0.34154296] 0.548241853714 
[-0.305264] 0.559273004532 
[-0.27611375] 0.57025885582 
[-0.2780199] 0.581164836884 
[-0.2974379] 0.592089891434 
[-0.2957797] 0.602953910828 
[-0.2779734] 0.613791942596 
[-0.32116413] 0.624845981598 
[-0.31398892] 0.635905981064 
[-0.32705307] 0.646955966949 
[-0.32311678] 0.658041000366 
[-0.35820246] 0.669128894806 
[-0.34758687] 0.680052995682 
[-0.36807418] 0.691070795059 
[-0.39438844] 0.702008008957 
[-0.35696268] 0.713046789169 
[-0.3880036] 0.724115848541 
[-0.38332343] 0.735227823257 
[-0.40275693] 0.746189832687 
[-0.3884375] 0.757214784622 
[-0.4196179] 0.768247842789 
[-0.47753096] 0.779263019562 
[-0.47968507] 0.790230989456 
[-0.45082927] 0.801151990891 
[-0.4323876] 0.812044858932 
[-0.42189598] 0.822976827621 
[-0.43209314] 0.833884954453 
[-0.42085767] 0.844895839691 
[-0.42945862] 0.855886936188 
[-0.37917018] 0.866879940033 
[-0.37650466] 0.877877950668 
[-0.3669119] 0.888851881027 
[-0.36063552] 0.899791955948 
[-0.3585744] 0.910722017288 
[-0.3424418] 0.921602010727 
[-0.32891273] 0.932523012161 
[-0.3196919] 0.943540811539 
[-0.35315037] 0.954576015472 
[-0.36940694] 0.96564078331 
[-0.37320375] 0.976649999619 
[-0.3668809] 0.987597942352 
[-0.40441513] 0.998549938202 
[-0.40934324] 1.00942778587 
[-0.39412498] 1.02038478851 
[-0.43083787] 1.03138589859 
[-0.42547584] 1.04228901863 
[-0.4240501] 1.05331587791 
[-0.41693687] 1.06452894211 
[-0.41281462] 1.07568097115 
[-0.43213964] 1.08654999733 
[-0.4351616] 1.09743285179 
[-0.44221282] 1.10829997063 
[-0.42834282] 1.11921095848 
[-0.4150927] 1.13018393517 
[-0.41940093] 1.14119386673 
[-0.3751254] 1.15226888657 
[-0.37762046] 1.16346979141 
[-0.38155675] 1.17457294464 
[-0.36506772] 1.18559193611 
[-0.3480363] 1.19658899307 
[-0.34114003] 1.20745682716 
[-0.30876637] 1.21843385696 
[-0.29495835] 1.22935390472 
[-0.3051865] 1.24038481712 
[-0.28827906] 1.25160384178 
[-0.272007] 1.26258397102 
[-0.2674508] 1.27363491058 
[-0.29723644] 1.28460001945 
[-0.28218865] 1.29553484917 
[-0.27591228] 1.30642580986 
[-0.28668284] 1.31731295586 
[-0.3002119] 1.32820487022 
[-0.26404142] 1.33920383453 
[-0.29568672] 1.35026597977 
[-0.29815078] 1.36132693291 
[-0.3063333] 1.37234282494 
[-0.3062713] 1.38324785233 
[-0.30594587] 1.39426589012 
[-0.28950334] 1.4051668644 
[-0.3363204] 1.41614699364 
[-0.33477068] 1.42704796791 
[-0.35990715] 1.43814992905 
[-0.34044266] 1.44881391525 
[-0.35225153] 1.45953989029 
[-0.3596592] 1.47046589851 
[-0.36337852] 1.48131990433 
[-0.5067587] 1.49223780632 
[-0.5444789] 1.50314378738 
[-0.55307984] 1.51395583153 
[-0.57846427] 1.52481889725 
[-0.5666244] 1.53571081161 
[-0.5534053] 1.54657578468 
[-0.5692744] 1.55750894547 
[-0.607568] 1.56855797768 
[-0.5693829] 1.57952690125 
[-0.56425333] 1.59033083916 
[-0.54922104] 1.60121393204 
[-0.5637419] 1.61209487915 
[-0.55537343] 1.62292098999 
[-0.52857876] 1.63391280174 
[-0.5300975] 1.64528298378 
[-0.52024126] 1.65639185905 
[-0.47984004] 1.66738796234 
[-0.48417926] 1.67823886871 
[-0.4561758] 1.68906188011 
[-0.48935533] 1.69997692108 
[-0.45048833] 1.71086001396 
[-0.45640826] 1.72174501419 
[-0.46795368] 1.73274087906 
[-0.4211986] 1.74377179146 
[-0.4240346] 1.75476288795 
[-0.42600274] 1.7659277916 
[-0.4090643] 1.77712583542 
[-0.4639399] 1.78798890114 
[-0.521698] 1.79888081551 
[-0.56090593] 1.8097589016 
[-0.5534053] 1.82070589066 
[-0.5422938] 1.83168101311 
[-0.5311203] 1.84271478653 
[-0.52761793] 1.85376691818 
[-0.532856] 1.86479783058 
[-0.50589085] 1.87564778328 
[-0.50145864] 1.8866288662 
[-0.5082154] 1.89765381813 
[-0.4700923] 1.9084918499 
[-0.47151804] 1.91938281059 
[-0.438447] 1.93037700653 
[-0.46761274] 1.94138884544 
[-0.43661833] 1.95243787766 
[-0.43686628] 1.96346497536 
[-0.44360757] 1.97448396683 
[-0.41441083] 1.98544979095 
[-0.4185331] 1.99646401405 
[-0.4173553] 2.00732398033 
[-0.39762735] 2.01823878288 
[-0.38502812] 2.02922391891 
[-0.3823161] 2.04025101662 
[-0.3890574] 2.05127286911 
[-0.37193298] 2.06225585938 
[-0.34975648] 2.07329583168 
[-0.34112453] 2.08415293694 
[-0.33222914] 2.09500789642 
[-0.32978058] 2.1058678627 
[-0.31092048] 2.11677289009 
[-0.30095577] 2.12762284279 
[-0.3218615] 2.13855481148 
[-0.35615683] 2.14954400063 
[-0.36261916] 2.16064286232 
[-0.391227] 2.1716439724 
[-0.41940093] 2.18254590034 
[-0.463351] 2.19339179993 
[-0.43748617] 2.20429682732 
[-0.4478693] 2.21518588066 
[-0.45757055] 2.22629284859 
[-0.42776942] 2.23733401299 
[-0.44797778] 2.24828386307 
[-0.42420506] 2.25933980942 
[-0.413419] 2.27037286758 
[-0.3929162] 2.28133678436 
[-0.39321065] 2.29230189323 
[-0.3763342] 2.30352592468 
[-0.37201047] 2.31442689896 
[-0.34044266] 2.32539200783 
[-0.3429687] 2.33637690544 
[-0.33940434] 2.34739995003 
[-0.33551455] 2.35841679573 
[-0.29650807] 2.36941385269 
[-0.305295] 2.38025379181 
[-0.30047536] 2.39111089706 
[-0.28844953] 2.40199398994 
[-0.26405692] 2.41293382645 
[-0.258075] 2.42384696007 
[-0.25051236] 2.4348449707 
[-0.25010943] 2.44612288475 
[-0.24102807] 2.45717382431 
[-0.2198124] 2.46826887131 
[-0.19452095] 2.4792599678 
[-0.2092433] 2.49031186104 
[-0.21685243] 2.50127983093 
[-0.22446156] 2.51211380959 
[-0.22632122] 2.5230050087 
[-0.27947664] 2.53399395943 
[-0.33655286] 2.5451169014 
[-0.38673282] 2.55613780022 
[-0.40207505] 2.56713199615 
[-0.37114263] 2.57811594009 
[-0.38146377] 2.58900880814 
[-0.3779459] 2.59987878799 
[-0.34699798] 2.61076998711 
[-0.3273785] 2.62164402008 
[-0.2992046] 2.63267993927 
[-0.31623602] 2.64374089241 
[-0.27952313] 2.65472984314 
[-0.27165055] 2.66567778587 
[-0.26092649] 2.67660188675 
[-0.25125623] 2.68763995171 
[-0.21353602] 2.69860482216 
[-0.20242453] 2.70948696136 
[-0.18911242] 2.72029900551 
[-0.16843915] 2.73117589951 
[-0.16952395] 2.74214696884 
[-0.13842106] 2.75329780579 
[-0.11793375] 2.76446294785 
[-0.11193633] 2.77541184425 
[-0.10782957] 2.78629684448 
[-0.09698153] 2.79720592499 
[-0.07584333] 2.80807495117 
[-0.07540941] 2.81896090508 
[-0.09595871] 2.82989096642 
[-0.09523034] 2.84111785889 
[-0.09901166] 2.85208082199 
[-0.11457086] 2.8630259037 
[-0.11218429] 2.87390494347 
[-0.11244774] 2.88476085663 
[-0.13034701] 2.89560580254 
[-0.13662338] 2.90654778481 
[-0.12500048] 2.91745781898 
[-0.14885068] 2.92839479446 
[-0.16512275] 2.9394068718 
[-0.21528721] 2.9505879879 
[-0.25224805] 2.96159791946 
[-0.29164195] 2.97253084183 
[-0.30125022] 2.98341989517 
[-0.29148698] 2.99433493614 
[-0.26944995] 3.00524187088 
[-0.2625072] 3.01614880562 
[-0.23458123] 3.02710580826 
[-0.1981008] 3.03814888 
[-0.18252611] 3.04912996292 
[-0.14919162] 3.06008791924 
[-0.13389587] 3.07103681564 
[-0.13804913] 3.08190393448 
[-0.11608958] 3.09278178215 
[-0.12947917] 3.10371685028 
[-0.12749553] 3.1145927906 
[-0.11233926] 3.12550878525 
[-0.09510636] 3.1365377903 
[-0.09739995] 3.14750099182 
[-0.07637024] 3.15851187706 
[-0.07107019] 3.16963195801 
[-0.06795526] 3.18058395386 
[-0.02752304] 3.19147491455 
[-0.047189] 3.20236301422 
[-0.03514767] 3.2132267952 
[-0.03147483] 3.22417187691 
[-0.04602671] 3.2352309227 
[-0.04966855] 3.24628901482 
[-0.06431341] 3.25733089447 
[-0.07987261] 3.26824188232 
[-0.08639693] 3.27913999557 
[-0.066607] 3.29009699821 
[-0.09501338] 3.3009698391 
[-0.09360313] 3.31187582016 
[-0.05843997] 3.32277297974 
[-0.09081364] 3.33370900154 
[-0.10025144] 3.34467601776 
[-0.10612488] 3.35570597649 
[-0.11037111] 3.36693692207 
[-0.14491439] 3.37777686119 
[-0.155375] 3.3886449337 
[-0.13953686] 3.39953494072 
[-0.12664318] 3.41049194336 
[-0.10023594] 3.42137098312 
[-0.09952307] 3.43235588074 
[-0.08628845] 3.44338083267 
[-0.06108999] 3.45446181297 
[-0.04760742] 3.46543192863 
[-0.05375981] 3.47634601593 
[-0.0088954] 3.48719882965 
[-0.0049901] 3.49811196327 
[0.01393199] 3.50897789001 
[0.02611279] 3.51987290382 
[0.04745245] 3.53083395958 
[0.05831599] 3.54179596901 
[0.08611798] 3.55279397964 
[0.06687045] 3.56374979019 
[0.06539822] 3.57460379601 
[0.0638485] 3.58552598953 
[0.05614638] 3.59646892548 
[0.04580975] 3.60734081268 
[0.04021525] 3.61826086044 
[0.01627207] 3.62927293777 
[0.00450969] 3.64033484459 
[0.01300216] 3.65136599541 
[0.01007318] 3.66229701042 
[-0.00189066] 3.67320489883 
[0.00116229] 3.68407678604 
[0.00694275] 3.69489979744 
[-0.0138545] 3.70572280884 
[-0.019418] 3.71659779549 
[-0.03127337] 3.72748398781 
[-0.04393458] 3.73856782913 
[-0.05365133] 3.74963498116 
[-0.05839348] 3.76066088676 
[-0.03779769] 3.7716178894 
[-0.04787087] 3.78252482414 
[-0.04364014] 3.79342889786 
[-0.06349206] 3.80435395241 
[-0.06473184] 3.81516098976 
[-0.09330869] 3.82604193687 
[-0.09837627] 3.83697581291 
[-0.09191394] 3.84793591499 
[-0.04264832] 3.85889482498 
[-0.03648043] 3.86989283562 
[-0.04464746] 3.88086080551 
[-0.02891779] 3.89172101021 
[-0.01572967] 3.90279793739 
[0.01435041] 3.91368985176 
[0.02195954] 3.92468380928 
[0.02882481] 3.93565678596 
[0.04157901] 3.94655179977 
[0.03336549] 3.95714378357 
[0.06708741] 3.9677529335 
[0.09239435] 3.97853183746 
[0.10999918] 3.98938894272 
[0.12182355] 4.00028395653 
[0.10527253] 4.01120400429 
[0.09478092] 4.0220990181 
[0.09524584] 4.03300094604 
[0.10062337] 4.04398488998 
[0.09529233] 4.05497980118 
[0.0865519] 4.06593799591 
[0.10759711] 4.07678484917 
[0.09521484] 4.08762788773 
[0.07365823] 4.09857082367 
[0.08122087] 4.10954380035 
[0.07964015] 4.1205098629 
[0.07483602] 4.13136601448 
[0.04855275] 4.14235401154 
[0.05176067] 4.15346884727 
[0.04292727] 4.16452789307 
[0.04241586] 4.17552495003 
[0.02009988] 4.18646597862 
[0.01715541] 4.19730687141 
[-0.0039053] 4.20816683769 
[-0.01129746] 4.21903896332 
[-0.02095222] 4.22993588448 
[-0.02282739] 4.24091386795 
[-0.01039863] 4.25191283226 
[-0.00640035] 4.26289200783 
[-0.01655102] 4.2739238739 
[-0.03770471] 4.28496193886 
[-0.05574346] 4.29588985443 
[-0.0288403] 4.3068189621 
[-0.00401378] 4.31768083572 
[0.00956178] 4.32858896255 
[0.00746965] 4.33954000473 
[0.03083944] 4.35052895546 
[0.05300045] 4.36160778999 
[0.06474733] 4.37273097038 
[0.07128716] 4.38364195824 
[0.06759882] 4.39455795288 
[0.06397247] 4.40551900864 
[0.0954628] 4.41642189026 
[0.11078954] 4.42765378952 
[0.10806203] 4.43868494034 
[0.12101769] 4.44979786873 
[0.10418773] 4.46093082428 
[0.12008786] 4.47190999985 
[0.13606548] 4.48288083076 
[0.12687564] 4.49371194839 
[0.14945507] 4.50443482399 
[0.15308142] 4.51527190208 
[0.17237544] 4.52620482445 
[0.18051147] 4.5371568203 
[0.18443227] 4.54815578461 
[0.18795013] 4.55906701088 
[0.16154289] 4.570073843 
[0.15608788] 4.58104586601 
[0.17081022] 4.59193301201 
[0.15300393] 4.60281085968 
[0.16172886] 4.61374688148 
[0.15907884] 4.62462592125 
[0.14736295] 4.63553380966 
[0.15890837] 4.64658284187 
[0.15384078] 4.65764379501 
[0.12575984] 4.66867494583 
[0.10423422] 4.6795759201 
[0.10624886] 4.69041180611 
[0.11757731] 4.70128798485 
[0.13240814] 4.7121758461 
[0.1220715] 4.72303986549 
[0.09832978] 4.73396897316 
[0.10297894] 4.74495196342 
[0.10177016] 4.7559568882 
[0.07362723] 4.76689195633 
[0.11128545] 4.77774190903 
[0.12741804] 4.78863096237 
[0.12248993] 4.79950881004 
[0.13130784] 4.81039881706 
[0.1487732] 4.82128596306 
[0.13854504] 4.83218789101 
[0.12557387] 4.8431789875 
[0.14144301] 4.85419678688 
[0.15560746] 4.86514186859 
[0.14573574] 4.8760368824 
[0.14754891] 4.88696098328 
[0.16010165] 4.89783382416 
[0.16831517] 4.9086959362 
[0.16582012] 4.91962480545 
[0.18294454] 4.93060493469 
[0.16616106] 4.94157290459 
[0.16163588] 4.95260500908 
[0.17353773] 4.96404886246 
[0.17301083] 4.975055933 
[0.17330527] 4.98600482941 
[0.16970992] 4.99690294266 
[0.1698184] 5.00781989098 
[0.17400265] 5.01871299744 
[0.17728806] 5.02961778641 
[0.163759] 5.04062700272 
[0.1753974] 5.05159592628 
[0.17617226] 5.06255078316 
[0.1609075] 5.07348680496 
[0.13935089] 5.08441495895 
[0.16555667] 5.09525990486 
[0.14943957] 5.10615992546 
[0.1254344] 5.11704897881 
[0.11669397] 5.12813091278 
[0.06409645] 5.13923692703 
[0.04229188] 5.15029788017 
[-0.00708222] 5.1615228653 
[-0.05565047] 5.17255091667 
[-0.10699272] 5.1834487915 
[-0.15938878] 5.19435381889 
[-0.18998027] 5.20521378517 
[-0.21759629] 5.21609783173 
[-0.22994757] 5.22706580162 
[-0.3034973] 5.23807001114 
[-0.30014992] 5.249106884 
[-0.33601046] 5.26014685631 
[-0.369004] 5.27107691765 
[-0.37374616] 5.28213596344 
[-0.427351] 5.29323887825 
[-0.40136218] 5.30419683456 
[-0.41154385] 5.31514883041 
[-0.37501693] 5.32613801956 
[-0.38750768] 5.33717799187 
[-0.34729242] 5.34820985794 
[-0.3480518] 5.35932183266 
[-0.36113143] 5.37022781372 
[-0.3651917] 5.38113880157 
[-0.38385034] 5.39206385612 
[-0.38716674] 5.40294098854 
[-0.39397] 5.4139149189 
[-0.40336132] 5.42487096786 
[-0.39328814] 5.43591499329 
[-0.3990376] 5.44698691368 
[-0.42978406] 5.45806884766 
[-0.44714093] 5.46900987625 
[-0.44580817] 5.47987794876 
[-0.4523635] 5.49104189873 
[-0.45496702] 5.50196480751 
[-0.4622507] 5.51286101341 
[-0.46879053] 5.52377986908 
[-0.48078537] 5.53479599953 
[-0.47300577] 5.54577088356 
[-0.48920035] 5.55676198006 
[-0.463444] 5.5677177906 
[-0.45206904] 5.57858991623 
[-0.45752406] 5.58947682381 
[-0.42697906] 5.60042881966 
[-0.40108323] 5.61126685143 
[-0.38326144] 5.62230396271 
[-0.37890673] 5.63344788551 
[-0.374583] 5.64446496964 
[-0.35167813] 5.65552091599 
[-0.3396833] 5.66649198532 
[-0.32347322] 5.67734479904 
[-0.29997945] 5.68820691109 
[-0.30484557] 5.69909286499 
[-0.3196454] 5.70995783806 
[-0.31699538] 5.7208340168 
[-0.33988476] 5.73172879219 
[-0.3718555] 5.74269795418 
[-0.34952402] 5.7537548542 
[-0.35330534] 5.76486301422 
[-0.35256147] 5.77584695816 
[-0.369004] 5.7867410183 
[-0.35477757] 5.79765295982 
[-0.39827824] 5.80862092972 
[-0.3690815] 5.81953692436 
[-0.3951633] 5.83038187027 
[-0.4028964] 5.84135484695 
[-0.37269235] 5.85233592987 
[-0.39431095] 5.86326980591 
[-0.4028964] 5.87418198586 
[-0.41831613] 5.88504886627 
[-0.42112112] 5.89591884613 
[-0.40889382] 5.90678501129 
[-0.38583398] 5.91765880585 
[-0.37887573] 5.92858695984 
[-0.35421968] 5.93972396851 
[-0.33543706] 5.95079779625 
[-0.34695148] 5.96181893349 
[-0.35381675] 5.97278594971 
[-0.35483956] 5.98368096352 
[-0.37435055] 5.9944319725 
[-0.37281632] 6.00529980659 
[-0.37047625] 6.01621484756 
[-0.3712046] 6.02738785744 
[-0.39662004] 6.03831100464 
[-0.4001534] 6.0492618084 
[-0.40580988] 6.06027293205 
[-0.40948272] 6.07124996185 
[-0.3907311] 6.0821158886 
[-0.4218495] 6.09300494194 
[-0.42694807] 6.10388684273 
[-0.41422486] 6.11466789246 
[-0.4272735] 6.12555193901 
[-0.4350376] 6.13657689095 
[-0.46243668] 6.14762091637 
[-0.47605872] 6.15864491463 
[-0.4695964] 6.16960096359 
[-0.45685768] 6.18052887917 
[-0.4561448] 6.19141888618 
[-0.43021798] 6.20232892036 
[-0.43306947] 6.21319389343 
[-0.42979956] 6.22407484055 
[-0.4039812] 6.23500990868 
[-0.40336132] 6.24605798721 
[-0.3923118] 6.2571117878 
[-0.40224552] 6.26799082756 
[-0.41667342] 6.27894997597 
[-0.45245647] 6.2898619175 
[-0.42993903] 6.30078482628 
[-0.44021368] 6.31172990799 
[-0.45809746] 6.32261896133 
[-0.46139836] 6.33353900909 
[-0.43908238] 6.34441781044 
[-0.4622662] 6.35533881187 
[-0.46573758] 6.366314888 
[-0.4767561] 6.37732195854 
[-0.47598124] 6.38811683655 
[-0.47151804] 6.39894795418 
[-0.4700613] 6.4098238945 
[-0.4711306] 6.42072796822 
[-0.47387362] 6.43166089058 
[-0.46823263] 6.44263696671 
[-0.46384692] 6.45368790627 
[-0.45913577] 6.464854002 
[-0.44188738] 6.47577786446 
[-0.42828083] 6.48669290543 
[-0.41208625] 6.49763894081 
[-0.38809657] 6.50858998299 
[-0.3995645] 6.51948785782 
[-0.39412498] 6.53038692474 
[-0.39985895] 6.54130482674 
[-0.3963411] 6.55228590965 
[-0.41540265] 6.56342601776 
[-0.3874302] 6.57436990738 
[-0.3990996] 6.58526682854 
[-0.43193817] 11.6016008854 
[-0.40503502] 11.6131699085 
[-0.42109013] 11.6243989468 
[-0.48599243] 11.6355109215 
[-0.54302216] 11.6465439796 
[-0.5732417] 11.657599926 
[-0.62084913] 11.6688578129 
[-0.6206012] 11.6800048351 
[-0.63681126] 11.691341877 
[-0.6516266] 11.7023899555 
[-0.6483412] 11.7134859562 
[-0.6669378] 11.7245819569 
[-0.67130804] 11.7357199192 
[-0.704844] 11.7468209267 
[-0.6677437] 11.7579298019 
[-0.6553149] 11.7690839767 
[-0.6315422] 11.7797470093 
[-0.63408375] 11.7906517982 
[-0.63786507] 11.8017139435 
[-0.63637733] 11.8127617836 
[-0.59465885] 11.8238828182 
[-0.6187725] 11.8350319862 
[-0.62459946] 11.8461828232 
[-0.6198263] 11.8574049473 
[-0.6237316] 11.8686549664 
[-0.60634375] 11.8796517849 
[-0.6243825] 11.8906919956 
[-0.60900927] 11.9017298222 
[-0.60355425] 11.9129397869 
[-0.6116903] 11.9241228104 
[-0.57643414] 11.9353878498 
[-0.5937135] 11.946723938 
[-0.5860114] 11.957919836 
[-0.5926442] 11.9690599442 
[-0.60070276] 11.9801309109 
[-0.58917284] 11.9911899567 
[-0.57964206] 12.0022728443 
[-0.5811453] 12.013406992 
[-0.5932486] 12.0245068073 
[-0.5966735] 12.0356450081 
[-0.63744664] 12.0469098091 
[-0.64407945] 12.0581948757 
[-0.64350605] 12.0693109035 
[-0.63016295] 12.0802779198 
[-0.64786077] 12.0910928249 
[-0.63898087] 12.1021809578 
[-0.6020355] 12.1131999493 
[-0.60070276] 12.1243038177 
[-0.6131315] 12.1354868412 
[-0.585655] 12.1466429234 
[-0.6248009] 12.1576960087 
[-0.58137774] 12.168722868 
[-0.6111479] 12.1796898842 
[-0.6015396] 12.190694809 
[-0.5899787] 12.2017319202 
[-0.6054914] 12.2127838135 
[-0.57572126] 12.2238419056 
[-0.5904126] 12.2349498272 
[-0.5943489] 12.2460680008 
[-0.5894518] 12.2571218014 
[-0.58306694] 12.2681028843 
[-0.5809593] 12.2790808678 
[-0.58077335] 12.290252924 
[-0.5766356] 12.3014848232 
[-0.5656326] 12.3126018047 
[-0.5432546] 12.3238179684 
[-0.5415344] 12.3348708153 
[-0.5381715] 12.3459978104 
[-0.5594957] 12.3571369648 
[-0.58472514] 12.3682618141 
[-0.57530284] 12.379308939 
[-0.5954027] 12.3903689384 
[-0.6015396] 12.4014139175 
[-0.62469244] 12.412457943 
[-0.627141] 12.4235548973 
[-0.63416123] 12.4347238541 
[-0.6232202] 12.445912838 
[-0.5933416] 12.4571509361 
[-0.59033513] 12.4678459167 
[-0.571785] 12.4787609577 
[-0.579952] 12.4897108078 
[-0.5661905] 12.5007719994 
[-0.55859685] 12.5118780136 
[-0.5554199] 12.5229239464 
[-0.5448353] 12.5341258049 
[-0.5584264] 12.5454759598 
[-0.5470514] 12.5567247868 
[-0.5489731] 12.5679299831 
[-0.56465626] 12.5789859295 
[-0.5462611] 12.5900588036 
[-0.53483963] 12.6011087894 
[-0.5516541] 12.6121308804 
[-0.54850817] 12.6232647896 
[-0.5368233] 12.634624958 
[-0.5537307] 12.6460599899 
[-0.5394423] 12.6572549343 
[-0.53138375] 12.6682260036 
[-0.52360415] 12.6792638302 
[-0.5148792] 12.6903347969 
[-0.5399692] 12.7013828754 
[-0.56684136] 12.7124829292 
[-0.59199333] 12.7235908508 
[-0.58745265] 12.7346599102 
[-0.6028569] 12.7457559109 
[-0.62464595] 12.7571818829 
[-0.6098151] 12.768283844 
[-0.6023145] 12.7793278694 
[-0.5815017] 12.7903409004 
[-0.5676162] 12.8015007973 
[-0.58351636] 12.8125338554 
[-0.56020856] 12.8236808777 
[-0.54313064] 12.8348608017 
[-0.535444] 12.8460829258 
[-0.5400622] 12.8572559357 
[-0.5484307] 12.8682508469 
[-0.54426193] 12.8793067932 
[-0.52427053] 12.8903617859 
[-0.5145383] 12.9013159275 
[-0.5156696] 12.9123768806 
[-0.52854776] 12.9234178066 
[-0.5226588] 12.9346280098 
[-0.5244565] 12.9459929466 
[-0.4949963] 12.9572608471 
[-0.49419045] 12.9684138298 
[-0.49124599] 12.9795348644 
[-0.49147844] 12.9905469418 
[-0.48376083] 13.0016238689 
[-0.50152063] 13.0127768517 
[-0.4951048] 13.0238239765 
[-0.49569368] 13.0349509716 
[-0.5143523] 13.046214819 
[-0.5577445] 13.0574529171 
[-0.5479348] 13.0688350201 
[-0.5816567] 13.0798118114 
[-0.5734432] 13.0909159184 
[-0.59069157] 13.1019589901 
[-0.59963346] 13.1129889488 
[-0.60736656] 13.1240608692 
[-0.6176412] 13.1352388859 
[-0.63076735] 13.1466128826 
[-0.6583679] 13.1579020023 
[-0.6510067] 13.1691279411 
[-0.627079] 13.1801919937 
[-0.6032598] 13.1912419796 
[-0.60025334] 13.2023038864 
[-0.6037402] 13.2134017944 
[-0.59743285] 13.2244608402 
[-0.593822] 13.2356629372 
[-0.59131145] 13.2468309402 
[-0.6047785] 13.2580180168 
[-0.5755818] 13.2691919804 
[-0.58305144] 13.2803678513 
[-0.5672443] 13.2915179729 
[-0.57745695] 13.302574873 
[-0.57127357] 13.3137128353 
[-0.5628431] 13.3247988224 
[-0.5565047] 13.3358819485 
[-0.56354046] 13.3470079899 
[-0.5554664] 13.3578808308 
[-0.55534244] 13.3691909313 
[-0.5514991] 13.3803470135 
[-0.55755854] 13.3914167881 
[-0.5573571] 13.402504921 
[-0.5816877] 13.4135768414 
[-0.5760777] 13.4248299599 
[-0.60570836] 13.4358289242 
[-0.6171143] 13.4469509125 
[-0.6481397] 13.4581677914 
[-0.6148982] 13.4692108631 
[-0.6241965] 13.4803040028 
[-0.5989361] 13.4913709164 
[-0.54925203] 13.5026059151 
[-0.5639589] 13.513646841 
[-0.56364894] 13.5246357918 
[-0.549314] 13.535763979 
[-0.5200553] 13.5468468666 
[-0.49993992] 13.5580070019 
[-0.49195886] 13.5692718029 
[-0.5024195] 13.580218792 
[-0.4866743] 13.5912008286 
[-0.49865365] 13.6022799015 
[-0.45857787] 13.6132879257 
[-0.47032475] 13.6244750023 
[-0.4756713] 13.6356217861 
[-0.4706812] 13.6467828751 
[-0.47215343] 13.6579627991 
[-0.44154644] 13.6689929962 
[-0.45330882] 13.6800940037 
[-0.4739046] 13.6911668777 
[-0.46810865] 13.7022109032 
[-0.46136737] 13.7132148743 
[-0.4678297] 13.7243199348 
[-0.44993043] 13.7354309559 
[-0.45017838] 13.7465407848 
[-0.45758605] 13.7575979233 
[-0.46775222] 13.7686758041 
[-0.46810865] 13.7799389362 
[-0.47915816] 13.7909059525 
[-0.4711461] 13.8020329475 
[-0.4812348] 13.8130619526 
[-0.4672253] 13.8241698742 
[-0.4722154] 13.8353528976 
[-0.48985124] 13.8465189934 
[-0.49637556] 13.8575408459 
[-0.49959898] 13.8685748577 
[-0.4839313] 13.8796508312 
[-0.5073631] 13.8906040192 
[-0.50764203] 13.9011399746 
[-0.49025416] 13.9122347832 
[-0.47244787] 13.9232928753 
[-0.466156] 13.9342157841 
[-0.4645598] 13.9451367855 
[-0.43973327] 13.9563109875 
[-0.41526318] 13.967484951 
[-0.4179442] 13.978607893 
[-0.41704535] 13.9897258282 
[-0.43420076] 14.0008738041 
[-0.39085507] 14.0119428635 
[-0.36609054] 14.0230698586 
[-0.4017961] 14.0342168808 
[-0.38526058] 14.0453619957 
[-0.3629911] 14.0565149784 
[-0.3668034] 14.0677759647 
[-0.4101491] 14.0787808895 
[-0.39747238] 14.0897898674 
[-0.41816115] 14.1008758545 
[-0.4339528] 14.1118068695 
[-0.41799068] 14.1228578091 
[-0.43224812] 14.1339859962 
[-0.4584229] 14.1451818943 
[-0.45750856] 14.1564319134 
[-0.4884255] 14.1675419807 
[-0.5089438] 14.178650856 
[-0.5006063] 14.1897540092 
[-0.50595284] 14.2008957863 
[-0.50855637] 14.2119998932 
[-0.53408027] 14.2229328156 
[-0.54075956] 14.2338969707 
[-0.5332899] 14.2449989319 
[-0.50493] 14.2562088966 
[-0.48715472] 14.2673778534 
[-0.48490763] 14.2784538269 
[-0.47712803] 14.2893629074 
[-0.47348619] 14.3003339767 
[-0.46583056] 14.3113839626 
[-0.47410607] 14.3224189281 
[-0.44808626] 14.3336398602 
[-0.4268086] 14.3446919918 
[-0.41828513] 14.3556969166 
[-0.36559463] 14.3667287827 
[-0.39421797] 14.3777728081 
[-0.36477327] 14.3886358738 
[-0.3807354] 14.3995490074 
[-0.3684771] 14.4104449749 
[-0.3546071] 14.4214019775 
[-0.37841082] 14.4325149059 
[-0.37543535] 14.4436709881 
[-0.39863467] 14.4551188946 
[-0.40869236] 14.4662029743 
[-0.410707] 14.4771709442 
[-0.46525717] 14.4883069992 
[-0.4567027] 14.4994180202 
[-0.46748877] 14.5104730129 
[-0.5044031] 14.5216128826 
[-0.49741387] 14.5328187943 
[-0.51311255] 14.5439457893 
[-0.52698255] 14.5550899506 
[-0.5306399] 14.566382885 
[-0.5654466] 14.5774259567 
[-0.5760622] 14.5886998177 
[-0.54359555] 14.5997698307 
[-0.5227518] 14.6108989716 
[-0.516119] 14.6220300198 
[-0.4944229] 14.6331899166 
[-0.49208283] 14.6444168091 
[-0.5118573] 14.655807972 
[-0.48197865] 14.6669738293 
[-0.4772365] 14.6779639721 
[-0.4572606] 14.6890230179 
[-0.46150684] 14.7000308037 
[-0.43987274] 14.7110848427 
[-0.43266654] 14.7222368717 
[-0.4528749] 14.7329947948 
[-0.44136047] 14.7438118458 
[-0.43107033] 14.7548658848 
[-0.42817235] 14.76628685 
[-0.45146465] 14.777053833 
[-0.48261404] 14.7880158424 
[-0.4934621] 14.7990748882 
[-0.52582026] 14.8102929592 
[-0.51370144] 14.821366787 
[-0.53862095] 14.8325579166 
[-0.54962397] 14.8438088894 
[-0.5693054] 14.8549239635 
[-0.593791] 14.8661568165 
[-0.6380975] 14.8771939278 
[-0.63840747] 14.8882849216 
[-0.64465284] 14.8988788128 
[-0.6808388] 14.909719944 
[-0.68466663] 14.92085886 
[-0.69847465] 14.9320158958 
[-0.68077683] 14.943156004 
[-0.64079404] 14.9545090199 
[-0.552212] 14.9656147957 
[-0.50582886] 14.9767429829 
[-0.4744625] 14.9877009392 
[-0.48030496] 14.9986319542 
[-0.46871305] 15.009706974 
[-0.48738718] 15.0208318233 
[-0.49659252] 15.0319178104 
[-0.45832992] 15.0428709984 
[-0.46531916] 15.0535328388 
[-0.46531916] 15.0646338463 
[-0.48414826] 15.0757119656 
[-0.4877746] 15.0869100094 
[-0.5144453] 15.0978548527 
[-0.5321121] 15.1088659763 
[-0.54592013] 15.1199879646 
[-0.5377686] 15.1312270164 
[-0.565958] 15.1424429417 
[-0.5589843] 15.153594017 
[-0.5932486] 15.164801836 
[-0.6038487] 15.1758778095 
[-0.6239176] 15.1869039536 
[-0.6125426] 15.1979758739 
[-0.6266296] 15.2090239525 
[-0.643816] 15.2200608253 
[-0.6481862] 15.2311890125 
[-0.6705487] 15.2423939705 
[-0.6565702] 15.2535719872 
[-0.660522] 15.2647409439 
[-0.6964445] 15.2757818699 
[-0.69783926] 15.2868390083 
[-0.6782508] 15.2979309559 
[-0.64288616] 15.3090698719 
[-0.58472514] 15.3202087879 
[-0.53855896] 15.3314039707 
[-0.50647974] 15.342674017 
[-0.49649954] 15.3538448811 
[-0.46488523] 15.3649368286 
[-0.45203805] 15.3760018349 
[-0.4490471] 15.3870398998 
[-0.463382] 15.3981130123 
[-0.44035316] 15.4091169834 
[-0.45361876] 15.4201729298 
[-0.44143796] 15.4312338829 
[-0.47475696] 15.4423668385 
[-0.480057] 15.4537448883 
[-0.50525546] 15.465143919 
[-0.51588655] 15.4763038158 
[-0.5344832] 15.4874668121 
[-0.5317867] 15.4985280037 
[-0.54970145] 15.5097558498 
[-0.574466] 15.5209009647 
[-0.5886924] 15.5319437981 
[-0.5927217] 15.5430929661 
[-0.6076765] 15.5542600155 
[-0.6375396] 15.565764904 
[-0.63740015] 15.577008009 
[-0.66341996] 15.5879969597 
[-0.6792116] 15.5990438461 
[-0.68627834] 15.6101608276 
[-0.70732355] 15.6212608814 
[-0.69171786] 15.6325788498 
[-0.69168687] 15.64387393 
[-0.6919813] 15.6551008224 
[-0.69224477] 15.6662459373 
[-0.6955302] 15.6775658131 
[-0.6804049] 15.6885428429 
[-0.6819391] 15.6996219158 
[-0.6132245] 15.7106978893 
[-0.54354906] 15.7217738628 
[-0.5362499] 15.7329699993 
[-0.48960328] 15.7441418171 
[-0.4739046] 15.7553288937 
[-0.4967475] 15.7667109966 
[-0.5056119] 15.7778179646 
[-0.49932003] 15.788918972 
[-0.50578237] 15.8000679016 
[-0.5367148] 15.8110969067 
[-0.5393493] 15.8222029209 
[-0.5446029] 15.8332879543 
[-0.5667329] 15.8444387913 
[-0.5422783] 15.8556149006 
[-0.57144403] 15.8668158054 
[-0.5878711] 15.8779978752 
[-0.6027174] 15.8890948296 
[-0.61240315] 15.9001328945 
[-0.61626196] 15.9111938477 
[-0.6430876] 15.9222729206 
[-0.66126585] 15.9334108829 
[-0.66297054] 15.9446148872 
[-0.6687355] 15.9559128284 
[-0.6924617] 15.9671759605 
[-0.70561886] 15.9784100056 
[-0.6815982] 15.9895429611 
[-0.67451596] 16.0006599426 
[-0.69235325] 16.0118908882 
[-0.67005277] 16.0230989456 
[-0.68682075] 16.0342018604 
[-0.65137863] 16.0454339981 
[-0.6508362] 16.0565929413 
[-0.61465025] 16.0679838657 
[-0.5762172] 16.0791699886 
[-0.5950618] 16.0902879238 
[-0.5648112] 16.1013879776 
[-0.53920984] 16.1124629974 
[-0.55036783] 16.1235458851 
[-0.53573847] 16.1347489357 
[-0.557853] 16.146075964 
[-0.5698633] 16.1573748589 
[-0.5731797] 16.1685369015 
[-0.5956197] 16.1794719696 
[-0.5910325] 16.1904938221 
[-0.5805099] 16.2015528679 
[-0.62013626] 16.212635994 
[-0.60254693] 16.2237019539 
[-0.6178582] 16.2348148823 
[-0.6332159] 16.2459948063 
[-0.6299305] 16.2571699619 
[-0.64624906] 16.2683990002 
[-0.6336343] 16.2797338963 
[-0.6447923] 16.2909328938 
[-0.6610334] 16.3020589352 
[-0.63805103] 16.3132808208 
[-0.671525] 16.3243999481 
[-0.68299294] 16.3355269432 
[-0.6894243] 16.3467559814 
[-0.69339156] 16.3579609394 
[-0.6919193] 16.3691158295 
[-0.718559] 16.3802177906 
[-0.73948026] 16.3912630081 
[-0.72889566] 16.4023039341 
[-0.7480347] 16.4133679867 
[-0.74168086] 16.4244399071 
[-0.72017074] 16.4356060028 
[-0.73889136] 16.4470169544 
[-0.73613286] 16.4583079815 
[-0.7337463] 16.4695439339 
[-0.6697428] 16.4806528091 
[-0.6133795] 16.4916729927 
[-0.624336] 16.5027170181 
[-0.6139684] 16.5138199329 
[-0.6148362] 16.5247159004 
[-0.6404841] 16.5358598232 
[-0.65743804] 16.5471279621 
[-0.6722379] 16.5584797859 
[-0.6821716] 16.5700998306 
[-0.66465974] 16.5810937881 
[-0.7087028] 16.5922789574 
[-0.7255173] 16.6033878326 
[-0.7126391] 16.6144578457 
[-0.71074843] 16.625579834 
[-0.746361] 16.6367788315 
[-0.7787037] 16.6479318142 
[-0.76388836] 16.6593089104 
[-0.7776034] 16.670675993 
[-0.7897222] 16.6817359924 
[-0.78941226] 16.6929249763 
[-0.7746589] 16.7040159702 
[-0.77444196] 16.7151799202 
[-0.7614398] 16.7264978886 
[-0.7887149] 16.7376179695 
[-0.7636249] 16.7488739491 
[-0.7663679] 16.7600560188 
[-0.77616215] 16.7713418007 
[-0.7648337] 16.7824709415 
[-0.7557523] 16.7935609818 
[-0.75959563] 16.8047168255 
[-0.7210386] 16.8158738613 
[-0.59298515] 16.8269338608 
[-0.5977273] 16.8381078243 
[-0.5678952] 16.8492410183 
[-0.5970299] 16.8602509499 
[-0.5620992] 16.8715839386 
[-0.5628896] 16.8826508522 
[-0.57587624] 16.8937439919 
[-0.5490196] 16.9049088955 
[-0.57366014] 16.9158649445 
[-0.56239367] 16.9269249439 
[-0.5416429] 16.9378638268 
[-0.5195284] 16.9492139816 
[-0.55363774] 16.9605259895 
[-0.52754045] 16.9715218544 
[-0.5503988] 16.9824337959 
[-0.5256498] 16.9933447838 
[-0.5332279] 17.0045099258 
[-0.5648267] 17.0155599117 
[-0.51421285] 17.0264458656 
[-0.5222559] 17.0373950005 
[-0.516119] 17.0483288765 
[-0.51311255] 17.0594029427 
[-0.52800536] 17.0707008839 
[-0.51752925] 17.0817368031 
[-0.521791] 17.0926959515 
[-0.54530025] 17.103718996 
[-0.5532658] 17.1147329807 
[-0.5488491] 17.1257247925 
[-0.5849111] 17.1368479729 
[-0.6005788] 17.1480369568 
[-0.5928457] 17.1593289375 
[-0.6176877] 17.1705038548 
[-0.64098] 17.1815338135 
[-0.646621] 17.1926269531 
[-0.6538892] 17.2036719322 
[-0.6787002] 17.2147159576 
[-0.6643033] 17.2256889343 
[-0.6949723] 17.2367429733 
[-0.7203567] 17.2479758263 
[-0.72454095] 17.2593510151 
[-0.70955515] 17.2707409859 
[-0.68576694] 17.281927824 
[-0.69844365] 17.2930319309 
[-0.68559647] 17.3041768074 
[-0.690881] 17.3153748512 
[-0.67450047] 17.3264849186 
[-0.6831479] 17.3376338482 
[-0.6898427] 17.3488409519 
[-0.70890427] 17.3600468636 
[-0.6848526] 17.371213913 
[-0.70349574] 17.3822979927 
[-0.72286725] 17.3933539391 
[-0.7176447] 17.4044389725 
[-0.71298003] 17.4154689312 
[-0.7321656] 17.4266898632 
[-0.7343507] 17.4378519058 
[-0.7409215] 17.4490787983 
[-0.75440407] 17.4603199959 
[-0.77551126] 17.471487999 
[-0.7502198] 17.4825389385 
[-0.8013296] 17.4936079979 
[-0.79057455] 17.5047428608 
[-0.79509974] 17.5158238411 
[-0.7945883] 17.5269379616 
[-0.78769207] 17.5380659103 
[-0.8069861] 17.5492429733 
[-0.8059013] 17.5605130196 
[-0.81160426] 17.5718770027 
[-0.80994606] 17.582998991 
[-0.80886126] 17.594149828 
[-0.79841614] 17.6052458286 
[-0.8230257] 17.6163599491 
[-0.7892418] 17.6274898052 
[-0.75849533] 17.6387138367 
[-0.762943] 17.6501328945 
[-0.71563005] 17.6614098549 
[-0.6877816] 17.6725358963 
[-0.6899047] 17.6836059093 
[-0.6711066] 17.6947238445 
[-0.6681776] 17.7059409618 
[-0.65241694] 17.717165947 
[-0.65006137] 17.7282128334 
[-0.64911604] 17.7394537926 
[-0.6720519] 17.750658989 
[-0.64288616] 17.7618379593 
[-0.6353235] 17.7730488777 
[-0.66351295] 17.7841169834 
[-0.65243244] 17.7951979637 
[-0.6309688] 17.8063910007 
[-0.62069416] 17.8176238537 
[-0.6465125] 17.8287959099 
[-0.6460941] 17.8397939205 
[-0.6471324] 17.8509209156 
[-0.6587243] 17.8622429371 
[-0.6886649] 17.8734707832 
[-0.674392] 17.8845338821 
[-0.6860614] 17.895678997 
[-0.6981492] 17.9067349434 
[-0.7055414] 17.9177618027 
[-0.7066572] 17.9288527966 
[-0.7319176] 17.9399600029 
[-0.7364583] 17.9511499405 
[-0.74340105] 17.9625368118 
[-0.72888017] 17.9737319946 
[-0.75008035] 17.9848229885 
[-0.74501276] 17.9958949089 
[-0.7343352] 18.0069458485 
[-0.7103455] 18.0180478096 
[-0.70611477] 18.0291078091 
[-0.7032013] 18.0402469635 
[-0.7013571] 18.0513999462 
[-0.7226038] 18.0626029968 
[-0.71559906] 18.0742537975 
[-0.7110739] 18.0853478909 
[-0.70296884] 18.0963950157 
[-0.6960416] 18.1074459553 
[-0.67670107] 18.1185069084 
[-0.6981182] 18.1295440197 
[-0.65731406] 18.1407048702 
[-0.66951036] 18.1518418789 
[-0.68345785] 18.1631019115 
[-0.6792426] 18.1743409634 
[-0.66560507] 18.1853199005 
[-0.67513585] 18.1966559887 
[-0.6454587] 18.2077488899 
[-0.6836438] 18.2188057899 
[-0.6433821] 18.2299048901 
[-0.6276059] 18.2410669327 
[-0.6514096] 18.2521729469 
